-0.16220869 -0.14777546 0.12062933 -0.00664282 -0.09978614 -0.14725274 -0.13847195 0.09406173 0.03258011 0.01901526 0.02504687 0.02740223 0.04521994 -0.08406710 -0.12548462 0.17912115 -0.12220102 -0.02959020 0.11241421 -0.15307161 0.04346563 -0.17490584 0.12224904 0.08274194 0.08717275 -0.05917395 -0.04373318 -0.17646241 -0.03682386 -0.11983528 0.16262403 -0.03158834 0.06866398 0.13739672 -0.07695536 -0.05810875 0.14756909 0.17952843 -0.06018863 -0.13939278 0.06844072 
0.15335459 -0.18629611 0.12310056 0.07427321 -0.17631516 0.17688122 -0.08405188 0.13045780 0.12231373 0.03978942 -0.15830210 -0.06060923 -0.04823738 -0.13297485 0.15676631 -0.12567759 -0.04933842 -0.17274277 -0.07697305 0.02136131 -0.11324614 0.11417368 0.02441240 -0.08475550 -0.01327393 -0.00287148 -0.02488316 0.08616690 -0.00686592 -0.08115028 -0.09217180 0.07651488 -0.18487078 -0.03963081 0.18634669 -0.02644332 -0.13323444 -0.06076155 0.02939824 0.05282030 -0.09516896 
-0.17631468 0.18492404 0.18107647 -0.04450601 0.02392329 -0.01437957 -0.11997659 0.04892760 0.05128082 0.03332618 0.12191847 0.17962880 0.11965626 -0.15672730 0.02784454 -0.05782173 0.07232239 -0.17811814 0.02175706 0.13173403 0.09178344 0.17961639 -0.08925327 0.13866325 0.10630848 0.10618309 -0.11675093 -0.00327928 -0.09555478 0.12250512 -0.13519555 0.14121661 0.06048412 -0.17030510 -0.18324429 0.16410221 -0.05946872 -0.09892038 0.08370177 0.01486930 0.06046597 
-0.09853574 0.14187171 0.14189757 -0.17666589 -0.06510635 0.11412271 -0.07860948 0.02751159 -0.00090409 -0.12134039 0.11499335 -0.14279145 -0.14968404 0.07472705 -0.08541808 0.15628000 -0.00887042 0.14520800 0.06543887 -0.17829274 0.10215670 0.04360200 -0.14381409 -0.00221260 0.12039204 0.15054989 0.15726268 -0.07411075 -0.10792411 -0.12744728 -0.02186153 -0.00335332 0.16741787 -0.10639536 -0.05906859 -0.15706052 0.08018778 0.11966617 0.00974734 -0.10388084 -0.00415481 
-0.11357639 -0.16051358 0.07876321 -0.08180036 -0.08950003 0.13651571 -0.18704015 0.05378424 -0.09827240 0.04549653 0.04257094 -0.13819338 -0.12290888 0.13267398 0.06231649 0.10217810 0.02660454 -0.17187719 0.15054551 0.08368587 0.12441068 -0.14032249 -0.10666094 -0.00086063 -0.14460270 -0.06699480 0.02998784 0.16423580 -0.07553963 -0.00510239 0.16479933 -0.02510682 0.09568048 0.10610636 0.10095253 0.15464737 0.06118288 -0.10826969 0.09391045 0.12799723 -0.15646118 
-0.02170125 0.05275410 -0.07713530 -0.06754849 0.14514486 0.13472000 0.15680885 -0.16445336 0.18743609 -0.18235427 0.04863984 0.11390737 0.07058118 -0.04865115 0.07283849 -0.17162633 -0.15523762 -0.18372618 -0.02142641 0.14982811 0.08546843 -0.06348639 -0.16860937 0.05373498 -0.17257079 0.17529398 -0.00526661 0.04241470 -0.12618615 0.07085212 -0.01737363 0.05586988 -0.09186851 -0.10186726 -0.07790913 0.11629739 -0.08260395 -0.02921561 0.00168220 0.00936071 0.18107125 
-0.13233986 -0.09925540 0.10541921 -0.14242853 -0.07961310 0.11778334 0.01986698 0.02012028 0.13204759 0.08606658 -0.18512999 0.12620983 -0.04989766 -0.15077850 0.14560896 0.02120774 -0.05661562 -0.00607689 -0.00936933 0.05067835 0.08220991 -0.18693195 -0.01192035 0.13601775 0.11121882 0.10570838 -0.18138674 0.10575277 0.18762639 0.00128440 0.10680649 0.18613128 0.12166788 0.11362252 0.18197776 0.02962896 0.16214384 0.18833606 -0.13033335 0.08498593 0.11738307 
0.07579220 0.10470152 -0.14594591 -0.03138134 0.15628690 0.10704690 0.08102663 -0.10188833 -0.05539053 -0.14251643 -0.04951619 -0.14586748 0.15604973 -0.11074988 -0.13777800 0.07516768 0.16016275 0.05449525 0.16937815 0.05450306 -0.07619788 -0.13999598 0.10532072 0.08613779 -0.11920226 -0.12660414 -0.17129029 -0.16021176 -0.12439916 -0.04285763 -0.15813996 0.02643956 0.07008644 -0.07323757 -0.12947063 -0.11235217 0.06527755 0.12538849 0.08931414 0.13078016 -0.11201464 
0.08551427 -0.04703900 0.03558513 0.02680852 -0.13548996 0.09213749 0.10010348 -0.17188936 -0.05403442 0.03896400 -0.08781841 0.13613036 0.11966320 -0.04003726 0.13810469 0.13986062 -0.11893772 0.17451350 0.06705645 -0.12442965 -0.17859392 -0.06069855 -0.04236328 -0.14031634 -0.00344342 0.16041817 -0.17495345 0.07570377 0.12608610 0.13206983 0.08289852 0.08100518 -0.08530673 0.14344795 -0.12205809 0.11167358 -0.16501763 0.12455713 0.05999267 -0.13929676 0.17492998 
-0.09305121 -0.00665436 0.08298106 -0.03895174 -0.08293325 0.08905684 -0.04855099 -0.12806612 0.12908411 0.02219091 -0.11331469 0.09255073 -0.11444577 -0.07522918 -0.06327593 -0.02324457 0.11639653 0.07622994 -0.07488988 -0.01340737 0.01542026 -0.10062976 -0.00593168 0.17011179 -0.05089569 0.03340269 -0.09940381 -0.12785465 -0.08521587 0.16309142 -0.09024318 0.08242381 0.01652866 0.06255560 -0.02457166 0.04580136 -0.11005770 -0.18650448 0.01254665 -0.16154335 0.10609096 
-0.15798347 0.01894185 -0.07797155 -0.17924166 -0.01899542 -0.06862660 0.11408287 0.00550035 0.11759005 0.16299041 0.09641913 0.08470437 -0.09235220 0.05941572 -0.03792731 0.17670587 -0.01660863 0.10054700 0.12255292 -0.08552402 -0.11690807 -0.00640503 0.12820643 -0.03165319 0.10940156 0.08709420 0.12812787 0.15507351 0.06330874 -0.17925118 -0.17889602 0.13761216 0.15246519 -0.06065560 -0.07405183 0.12860486 -0.11872622 -0.03946204 0.00791150 -0.05742355 -0.01857001 
-0.07880533 0.12764566 -0.03569902 -0.05682721 -0.17057100 -0.13010032 -0.14390191 0.02912596 -0.00103430 -0.04871912 0.06095125 0.14408003 -0.05030609 0.14465599 -0.16817406 -0.16703194 0.18642862 -0.15697360 0.03383123 -0.05677193 0.00465330 -0.17581987 -0.16611016 -0.14865033 0.11336097 -0.06853832 0.09043318 0.09640745 -0.11158499 0.14658533 -0.15034099 -0.03825895 -0.12127220 0.13047875 0.09776306 0.06136600 -0.04519941 0.05229647 0.14536338 0.03880888 -0.05714490 
0.14247189 0.05481418 -0.12310206 -0.09971408 -0.06673472 -0.12092330 -0.03504532 0.00136623 -0.02506571 0.03299453 -0.17597702 -0.16956623 0.17601769 0.09946568 0.03707293 0.16069566 -0.03320011 0.11242355 0.00391505 -0.14744863 -0.03920794 0.13326119 0.13343242 -0.00343203 -0.02494446 0.18657520 0.04553292 -0.09958162 -0.10152794 -0.02781346 -0.17349187 0.14565301 0.00772833 -0.12146416 -0.08093962 0.05677052 -0.02839240 -0.10593053 -0.16070391 -0.10568653 0.17172424 
-0.08313815 0.03689660 -0.16503315 -0.13591544 0.10095657 -0.15423298 0.12026832 -0.04456612 0.14427198 0.16124204 0.10563035 0.01452710 -0.03824048 -0.18778588 -0.04377184 -0.07271892 -0.07975057 0.06841461 0.09169355 0.17609984 -0.02737498 0.03598039 -0.11332877 -0.14412376 0.06912083 -0.09794921 -0.17525020 -0.01288158 0.18504810 0.00488672 -0.02097644 0.17551266 -0.09794232 -0.05963371 0.14269231 -0.00931502 -0.16702166 -0.01778313 -0.04341020 -0.02408071 0.00660273 
0.17977577 -0.04842630 0.08355726 -0.15299444 -0.16681439 0.07439059 -0.08777598 0.09584454 -0.15130290 -0.00063070 -0.04863665 -0.06033583 0.02452830 -0.02103783 -0.10261062 -0.13584103 -0.15578711 0.00224118 -0.01674147 0.12900509 -0.17524719 0.03776129 0.04763556 -0.18391716 0.16044228 -0.14622457 0.18400843 -0.13383253 0.06206766 0.06552052 0.06350027 0.02524218 -0.08165058 0.16658686 -0.12992434 0.17590761 0.13322024 -0.17794500 -0.08306887 0.07065014 -0.02055148 
0.15780137 -0.06459932 -0.03149100 -0.17961267 0.15172291 -0.10026630 0.07319370 0.14571652 -0.05552144 -0.08168952 -0.11095001 -0.10985522 -0.17488271 0.13396619 -0.07649875 0.07917534 0.06152198 -0.06164832 -0.17760727 -0.05943161 0.14809689 0.00596347 -0.01264489 0.01767728 0.14845879 0.05889293 -0.15711577 -0.09490380 0.13493684 0.03279952 -0.06204898 -0.12814993 -0.14909178 -0.14590178 -0.04355420 -0.18319085 -0.06837390 -0.16108921 -0.17497247 0.13290644 -0.17629527 
0.13447829 -0.13717781 -0.01232273 0.15636526 -0.08319245 -0.12216539 -0.18447794 0.15655278 0.05365223 -0.05591416 0.10102423 -0.14772236 -0.11757733 0.05079437 0.14781812 -0.15729044 -0.01562786 0.00312956 -0.15969746 -0.14804649 0.08740526 0.08006459 -0.06630693 -0.09099416 -0.10349109 0.13983753 -0.13046612 0.11458832 -0.16660124 -0.11187015 -0.12408594 -0.05450853 -0.01566474 0.13717443 -0.04463758 0.07377283 0.08108681 0.15608223 0.05874142 -0.06564489 0.10738365 
0.08821846 0.18104927 -0.12507516 -0.09934291 0.14200169 0.06557786 -0.10317347 -0.17451194 -0.04075142 -0.18249804 -0.10635009 -0.05215636 -0.05147461 0.10149489 -0.15071164 0.13895085 0.04103932 0.12249345 0.04538916 0.12215800 0.06027302 0.05038312 0.01910378 0.00579168 0.11503241 0.13709013 0.04600601 -0.06203242 0.15006283 -0.11476374 -0.14377338 -0.07159352 -0.00747865 0.17243186 0.12745772 -0.17964274 0.02334225 0.01799336 0.18515322 -0.11238386 -0.09068224 
-0.13691096 -0.04946660 -0.06603910 -0.11191674 -0.15336290 0.04677534 0.05529544 0.05182962 -0.16402854 0.16720311 0.05267261 0.06074763 0.11347937 0.03717185 -0.06107247 0.07972363 -0.14429142 -0.11071667 0.04361678 0.10453382 0.05033860 0.02473209 0.01275990 0.03110501 0.09859138 0.03976442 0.17534128 0.03611732 -0.07295550 0.08919813 0.06529880 0.10560098 -0.10258125 -0.01893030 -0.10463934 0.06020163 -0.01880066 -0.18697274 0.05623364 -0.00733408 -0.03570548 
-0.16538005 0.06313655 -0.05830718 -0.17282683 0.01746632 -0.00548559 0.13060449 -0.05013087 0.07492406 -0.16589488 0.07777959 -0.03212952 0.01742256 0.01266554 -0.04728900 -0.02093026 -0.17895637 -0.12326348 -0.17447893 0.13710122 -0.14442059 -0.02096572 -0.02117535 -0.15286708 0.08940868 -0.16456476 -0.17741406 0.17324552 -0.14088437 -0.12919314 0.02930089 -0.07598063 0.11982032 -0.03724479 -0.03431901 0.14953619 0.07832869 0.15225033 0.09649236 0.18478233 0.06033706 
-0.00393315 -0.15669164 -0.12652412 0.04308873 -0.10287191 -0.00525665 -0.16694953 0.06405914 -0.00307493 -0.05264952 -0.04951711 -0.16107421 0.07735113 -0.07345781 -0.06243930 0.09481029 0.17766164 -0.15730692 0.08403032 -0.11593187 -0.18042235 0.10996070 0.06356092 -0.08620250 0.16199845 0.00597344 0.15498295 0.04847562 -0.00827379 -0.00181748 -0.02193953 -0.18372074 0.07004691 0.01585957 0.12280164 -0.05073336 0.12377241 0.06095682 -0.13911760 0.17122164 0.13719082 
-0.14594443 -0.00675152 -0.04266112 0.12967476 0.15159142 -0.04943170 0.14364560 0.18518385 0.02557030 0.15722300 0.01298971 0.12509796 0.10571000 -0.15410253 0.05151658 -0.14971146 -0.00912766 -0.03273404 0.03216491 -0.17613557 0.18051082 -0.13040741 -0.02916621 0.07837839 -0.14296384 -0.03219665 0.01963899 -0.04330882 0.17244850 0.03044507 -0.06457737 -0.03960216 -0.08582095 0.16837825 -0.16981544 0.13285686 0.12097753 -0.18400548 0.18341954 0.14324935 -0.06842898 
0.04377533 0.13136032 -0.15922856 -0.18123390 0.03664954 -0.17196153 -0.13636333 0.11027458 0.06327080 -0.06297600 0.11886808 0.16269365 0.00782788 0.04452776 -0.03533768 -0.01329428 0.03188387 -0.00095690 0.12169727 -0.14635557 -0.13356943 -0.03830678 -0.17144512 -0.12444182 -0.00602252 0.15080750 -0.03490951 0.02293756 -0.00028939 0.03522878 0.06729595 0.13254888 -0.15593106 -0.15609033 0.18186204 -0.03104797 0.10656855 -0.04457762 -0.04906511 -0.10127775 0.03188720 
0.05518940 0.15368116 0.02643469 -0.01201390 0.07093994 -0.04858243 0.09727804 -0.17650135 0.06250450 -0.12962562 -0.07916878 0.04850258 0.06812504 0.12354683 0.03801605 0.18420152 0.09670632 0.01242176 0.00051028 -0.09102024 -0.16498107 -0.01434822 0.02999608 -0.07379882 -0.14111097 -0.16922230 -0.07319346 -0.14191778 -0.16279550 0.16446531 0.01348667 0.18680754 0.18220554 0.08967813 -0.15799078 -0.10413347 -0.10506639 0.04306076 0.18073027 0.16621646 0.05120806 
-0.05925459 0.10830650 0.14828759 -0.18039115 -0.11942994 -0.18475690 -0.00988345 0.07732220 -0.18281533 -0.16322675 0.07650525 0.03010895 -0.06106906 0.13686976 0.11052453 0.11867725 -0.02988443 0.06609268 -0.11803772 -0.14994149 -0.10679252 0.04887681 -0.04854693 -0.05962703 -0.12175351 -0.04507526 -0.12224165 0.04120345 -0.13407230 0.17737700 -0.04226499 0.00430182 -0.05369216 0.13867617 -0.05344222 -0.18266465 0.10805801 0.11690046 -0.12162811 0.17819794 -0.18791223 
0.09376407 -0.07147148 0.15931498 0.12611492 -0.13725469 -0.17357853 -0.18035206 0.16059026 0.07962289 0.04684798 0.14569372 -0.06191804 0.18840747 -0.06074552 -0.07799014 -0.11472469 0.13600498 -0.10345074 0.06446359 0.01118790 -0.01050461 -0.18776444 -0.06026791 0.03541864 -0.13316233 0.02059997 -0.09632663 -0.03742574 -0.06083536 -0.08042429 0.05054780 0.14907114 0.17607978 0.01221725 -0.04486649 -0.00516974 0.16340581 -0.08193009 -0.00901292 0.01135589 0.17497198 
-0.14081357 -0.06971265 -0.05076936 -0.10438096 -0.11918227 -0.16751178 0.03547788 0.10848371 0.11149669 -0.12326007 -0.11736526 -0.15334518 -0.03247352 -0.11148202 -0.00702390 -0.09835906 0.09656607 -0.08345192 0.03923354 -0.08002047 0.05421959 0.05849246 -0.10488312 0.10826637 -0.14978836 -0.17130955 -0.10674000 0.17794122 0.01956990 -0.07388297 -0.04825539 -0.05881949 -0.11576659 -0.04059244 -0.14846335 -0.13565207 0.00544554 -0.04984802 -0.07024524 0.04252384 -0.17603517 
-0.01624998 0.09892576 0.00712563 -0.07602227 0.17374383 -0.05617302 -0.10424627 -0.11661050 0.09602149 0.18487537 0.11654920 0.00415382 0.09683896 -0.01922159 -0.10145055 0.14228441 -0.08161465 0.01671592 -0.18158810 0.11305682 0.09559564 0.18732391 -0.18362001 -0.12104234 -0.15156181 0.17003500 0.16575782 -0.12049168 0.05903163 -0.08709295 -0.10676296 0.16891384 0.16466491 -0.02365866 -0.06007327 -0.08472362 0.14569418 -0.05390176 0.00741209 -0.16050920 0.15228398 
-0.09160478 0.18539742 -0.15347049 0.12261087 0.13465388 0.17614318 -0.05261039 -0.14554812 -0.12895690 -0.14559956 0.13694096 0.17693298 0.03192343 -0.08959986 -0.03379401 -0.07109705 0.04614682 0.04351797 -0.04863738 -0.07260502 -0.04978496 -0.14092728 -0.09678791 0.12353820 -0.10687838 0.11318294 -0.04584223 0.17684615 0.08008494 -0.10115959 0.13351551 -0.11451739 -0.14856265 0.07973077 -0.02431287 -0.12683745 0.05285208 0.06208855 0.03949223 0.12259857 -0.07203480 
0.11276052 0.01485254 0.15545830 0.12428346 -0.01738869 0.17963584 -0.13937460 -0.00279189 0.18242635 0.03193127 0.04219958 0.02675607 0.11379734 0.10534738 0.15744017 -0.10587306 0.05168187 -0.00966330 0.00897547 0.11278809 0.10124365 0.14893690 0.18078399 -0.06149061 -0.16474579 0.17137170 0.02081583 0.13975054 -0.08489706 -0.13126163 -0.06602271 0.16372126 -0.05590928 0.18326908 -0.12407153 0.18767235 0.01973439 0.05254521 0.18031330 -0.05852493 -0.06413924 
0.16422802 0.17080028 -0.16171430 -0.12910244 0.04661142 -0.06164770 -0.16711947 -0.15425526 0.12266956 -0.00915964 0.18342593 -0.12595080 -0.11885393 0.07507208 0.06070761 -0.18235512 0.03446539 0.04961398 -0.09492084 -0.15135413 -0.10779932 0.08543840 0.18526952 -0.04196828 0.09218227 0.09930912 0.04364456 -0.18222414 -0.02520244 -0.00413448 -0.14868565 -0.10324286 0.16659717 0.04336323 -0.01148126 -0.02102015 -0.18227828 -0.18141244 0.05067462 0.01955447 0.04340627 
-0.04186619 -0.07629745 0.07082426 -0.10869898 0.03875576 0.18035097 -0.17898521 0.14603743 0.06228828 0.00471520 0.11118679 -0.05592592 -0.09650091 0.04812931 -0.17607996 -0.01526096 0.14020918 0.08630719 0.09023467 0.15134901 0.02187074 0.15820761 -0.01985816 0.12804200 -0.15755048 0.13588198 0.09017543 -0.09043270 -0.08814640 -0.10044865 0.02318596 0.02938123 0.14416432 -0.14075504 0.16043398 0.09068634 -0.17094007 0.07338795 0.01904738 0.18824136 0.16240144 
-0.00447613 0.13866913 -0.17154498 0.08143240 -0.06511036 0.04685155 -0.17109083 0.17757338 -0.13312343 -0.07910294 0.02452012 -0.15811065 0.14224726 0.04769948 0.13682093 0.04364663 -0.14756073 -0.03891053 -0.14381126 0.04538950 0.12789148 -0.04921535 0.01147253 -0.12565863 -0.10744651 -0.01435407 -0.06839044 -0.06214477 0.14606604 0.16626328 0.08422475 0.13713686 0.07787541 0.07097395 0.14583361 0.02841385 0.08957604 0.01025594 0.15366687 0.16303612 0.11098486 
-0.05821601 -0.14799255 -0.13668889 -0.08547103 0.01980687 0.14048079 0.12910183 -0.05672171 0.09498421 0.08608112 0.05904463 0.13128982 0.16287804 0.09206841 0.07008379 -0.11783431 -0.12302453 0.07302638 -0.02842290 0.13541372 0.13383590 -0.00550256 -0.15474270 -0.15602528 0.14466958 0.06011253 -0.00897742 -0.14566423 0.18073992 -0.04814097 -0.01987909 0.15329167 -0.11338435 0.05234701 -0.13575302 -0.18385488 0.07671536 0.16982873 0.09078161 -0.07731575 -0.08552655 
-0.15946978 -0.08999696 0.07529573 0.05123235 -0.02777105 0.16245638 0.16548951 -0.10748509 0.09103219 -0.01086997 0.07793100 -0.12529922 -0.09659507 -0.02678745 0.11254076 0.08960520 0.12367468 -0.07432967 -0.01894094 0.09319006 0.07937289 -0.00984732 -0.06904200 -0.08433285 -0.06978950 0.16512617 -0.18487036 -0.03256127 -0.07892243 0.04363367 0.01161188 -0.04453159 -0.02894876 -0.03538204 -0.00520624 -0.07325342 -0.01899728 -0.09986880 -0.02903886 -0.04242598 -0.06361471 
-0.06437723 -0.06738042 -0.04478680 -0.17297651 0.13974880 -0.11399215 0.01183378 -0.08354728 -0.05618693 0.03875519 0.17106944 -0.15992413 0.18750957 -0.07788479 0.14848287 0.08685793 -0.07454476 0.13440533 0.14392729 0.02042810 0.02956928 -0.08714980 0.06823969 0.16619454 0.05948731 0.03449187 0.11784316 -0.10509741 -0.10147630 0.08644830 -0.17628162 -0.01297666 0.09441144 -0.11966904 -0.05794226 -0.06908935 -0.12644821 0.18826482 0.17957190 -0.08330937 0.17372271 
-0.03423250 0.09616029 -0.12069588 0.01877784 0.18007182 0.02809337 -0.02103733 -0.09416080 0.18664862 0.14917366 0.01453687 0.12575673 -0.12797698 0.11975635 0.01794446 0.11705136 0.15341409 0.05999512 -0.09802391 0.07687777 -0.11533071 0.12522094 -0.08858860 0.00433016 0.04608300 0.10143536 -0.02070095 -0.09325103 0.02660964 -0.08607249 0.08605625 0.01797872 -0.06088831 0.16011235 -0.03897670 -0.12558883 -0.06501018 -0.15354282 0.03768359 -0.12746437 0.06785446 
0.09845995 0.09184661 0.11031166 -0.06722011 0.01153003 0.08713417 0.04593804 -0.07402288 -0.13862267 -0.17797510 0.16472849 -0.08525975 0.17928715 0.02973880 0.12431331 0.10744687 0.02051817 0.03597322 0.14321284 0.07204245 0.01595094 0.15118985 -0.01532266 -0.14297222 -0.17291485 0.04566091 0.16729735 0.12907584 -0.11668690 -0.05730356 0.11387579 -0.08332293 -0.05400351 0.18161055 -0.11251464 -0.02747817 0.18583217 -0.00671270 -0.14372958 -0.08939073 0.08921785 
0.01986691 0.01881964 0.12897082 0.00242703 0.09196076 0.14491950 0.11553667 -0.05531462 0.00265670 0.18335831 -0.13182139 -0.05296245 -0.03296737 -0.12105638 -0.01060718 -0.02736881 0.13965210 0.14473101 -0.03759715 0.07318595 0.01554216 0.06380440 -0.13900974 0.09975409 -0.01472368 0.12598738 -0.01987151 -0.09609784 0.03943163 -0.14210530 0.07733415 0.01819592 -0.17907272 0.18229842 0.14306483 -0.15487856 -0.17841946 -0.14353728 0.12801477 0.13839167 0.06395327 
0.10207395 0.16014066 0.06021154 0.14768283 -0.16999020 -0.16639586 -0.05155800 -0.16947873 0.13916685 -0.09721230 0.15104422 0.17519541 -0.15415245 -0.03364713 0.13639678 0.07492776 -0.10351371 0.13647577 -0.10441972 -0.01689279 -0.15320693 0.03024680 -0.00560115 0.07263503 0.17756398 0.08533357 -0.06924343 -0.07821443 -0.11591713 0.06727374 0.13618885 -0.02786942 0.01655527 0.13323271 0.03171366 0.15311685 -0.03654750 0.00278577 0.09170505 -0.00744010 0.06672707 
-0.00772331 -0.17100614 0.09339177 0.07778462 0.05212385 -0.11824381 0.15482607 0.05005699 -0.18611212 -0.17628989 -0.15207271 -0.12610461 -0.06623450 -0.00425011 0.16890654 0.04194644 -0.08238117 -0.05323400 -0.07467666 0.17886350 0.06940785 -0.17326079 -0.11604311 -0.16582955 0.04530015 0.13341461 0.07420944 -0.11747169 -0.05789370 -0.00669147 -0.16390938 -0.09080091 0.12962252 0.02706602 0.04700290 0.11139549 0.05988960 0.01247504 0.14252812 -0.13069396 0.05386966 
-0.17020549 -0.01626729 0.18468967 0.01071959 0.03263382 0.16766906 -0.02969184 -0.08839448 -0.12465713 0.14336577 0.00418681 -0.10227390 -0.12926266 -0.00846078 -0.12996460 -0.12401465 0.01317403 -0.16862093 -0.14054589 -0.09295046 0.17929268 0.12280770 0.05137226 0.06280858 0.08215598 0.03708256 -0.05422214 -0.10134024 0.11204840 0.10498213 0.04837324 0.15532185 0.09202084 0.02397799 0.15128893 0.14239936 -0.03404454 -0.13645451 0.08522207 -0.05910116 0.04911892 
-0.12460958 -0.18799238 -0.12284171 0.13082327 -0.14147349 0.14437018 -0.07277462 0.11438138 0.12376478 -0.06770452 0.16067359 -0.02721545 0.07939979 0.06585547 0.04014890 -0.14604382 -0.16969384 -0.08446713 -0.06559552 0.18335430 0.17771664 0.01341374 0.09174640 -0.06628603 -0.11654761 0.02252874 -0.08840920 0.00465651 -0.12173810 -0.16293667 0.05288355 -0.16268936 0.06442468 0.11100879 -0.03280218 0.01741390 -0.13296032 0.02437652 0.06635120 0.08147568 -0.09127482 
0.07846512 0.18421802 -0.00282504 0.00189572 -0.17056784 -0.07696234 -0.17543288 -0.06844287 0.18717201 -0.09872019 0.05630101 -0.00558367 -0.01050987 0.10069478 -0.03179168 0.04284417 -0.06802607 0.03244391 -0.00923630 0.02548517 -0.14292534 -0.13871841 0.09701063 -0.14873338 -0.15171403 -0.12702392 -0.06634976 -0.05727943 0.14253093 -0.08371710 0.10432522 -0.06409663 0.12667033 0.15324484 -0.14683165 0.15572900 0.15154400 -0.09256753 -0.16811725 0.03402844 -0.13400154 
-0.14050913 0.14816815 0.07307386 0.01591332 -0.10456922 0.10838917 0.02993806 0.08128703 0.12950137 -0.12469491 -0.11465837 0.11997686 -0.04425883 0.03325244 0.01311051 -0.10565430 -0.03999402 0.11112033 -0.04238702 -0.16243578 0.18075237 0.16088948 -0.16715114 0.06722235 0.02584087 0.18242787 0.05770836 -0.09336334 0.02318208 -0.03612917 -0.12616523 0.04562604 -0.04182993 0.15630350 0.00940015 0.09034017 0.04049319 -0.01215193 0.01218944 -0.13567276 0.03448806 
0.05370715 0.11319323 0.12714158 0.15964326 -0.00909255 0.18054590 0.08226791 0.03403343 -0.05027020 -0.00567210 0.01065648 0.10218333 0.11459766 -0.00986823 -0.04360947 0.01837341 0.16606262 0.10361810 0.11044855 -0.02768150 0.15998876 0.14499927 -0.05122900 0.08414149 -0.13165131 0.16783822 0.17530635 -0.17385937 -0.00159292 -0.01622282 0.17855999 -0.13244928 -0.05411350 -0.15956829 0.13843076 -0.03298317 -0.00980145 -0.05181893 -0.03297210 0.17619477 0.06088454 
0.15320379 -0.08310458 -0.15276368 -0.05702779 -0.15030466 -0.18121372 -0.00105217 0.02786354 -0.11526033 0.17760535 0.02733116 -0.01894703 -0.00910136 0.03222729 0.11850984 0.17118680 -0.07155599 -0.13063461 -0.07922897 0.16748869 -0.04659633 -0.06147827 0.04267137 0.04250093 -0.18437831 -0.05325878 -0.11447729 0.14861967 0.12493368 -0.01756239 -0.10175873 -0.13806899 0.08342046 0.18586290 0.13274857 0.18550241 0.10359067 0.02645228 -0.09325651 -0.06551841 -0.02799630 
0.14505149 0.07293364 -0.07980404 -0.07658499 0.13713154 -0.01146552 -0.13353150 -0.15429293 -0.13355252 -0.13093673 0.11891069 0.12520969 0.09897127 0.01800765 0.04835420 -0.16492468 0.17958070 0.06441345 -0.07755924 -0.03281074 -0.12649547 0.14785120 0.02208110 -0.07479107 0.14004402 -0.05153192 -0.10807429 -0.01362345 0.15212351 -0.15078835 -0.01996908 0.14821787 0.15502281 -0.03511514 -0.04158033 -0.17078555 0.03254222 0.13562074 -0.15494043 -0.08777932 0.03956849 
-0.10326862 0.11048087 0.13859209 0.04078775 0.03951377 0.10772167 0.11684009 -0.00572405 -0.10873710 0.15179552 -0.01063487 -0.11585692 -0.05105465 -0.00047272 -0.03127157 0.11703184 -0.17460687 -0.12890181 0.02696445 -0.15262902 -0.05480108 -0.03371108 -0.18474832 0.13436213 0.17158705 -0.12813595 0.08573642 -0.08175162 -0.02420003 -0.11454715 0.10505374 0.12130854 0.10366175 0.09055731 -0.07864386 -0.17337821 0.17142469 0.15761925 -0.11050748 0.16779067 0.12988479 
-0.08683994 0.00020359 0.03001818 -0.07945612 0.11828122 0.09751766 0.08219960 0.01660736 -0.12194731 0.08916185 -0.16779764 0.12996301 0.09719644 -0.04072423 -0.10240371 -0.05000541 -0.07756787 -0.17774057 -0.03865652 -0.02004536 -0.00334940 -0.14339428 -0.10656917 0.03422254 0.11343990 0.12754901 -0.15270855 0.11598451 -0.06538768 -0.09187282 -0.17415521 -0.07458814 0.15908922 0.10026612 -0.07631703 0.11863331 -0.01458529 -0.18605468 0.03539102 0.15591379 -0.13422352 
-0.10296514 -0.06477793 -0.01879609 -0.11002190 0.03830731 0.18050839 -0.17114642 -0.00334015 0.01193486 0.10791206 -0.07510055 -0.16246767 0.02177836 0.11278117 -0.01524877 -0.03178121 -0.15800534 0.02785521 0.12152672 0.00181365 -0.04258874 -0.16119260 -0.02815849 0.05715920 0.09788332 -0.17840235 0.14410448 -0.01616522 0.01624241 0.15065250 -0.00226289 0.02881945 0.12326900 -0.10928496 -0.01176505 0.10823164 0.02027365 0.07167733 -0.09135816 0.18496723 0.15343441 
0.02462926 0.16885246 -0.11327258 0.04655205 0.07106161 0.11208546 -0.02590990 0.16465656 -0.16368966 -0.16658585 0.14700094 0.05162866 -0.15024777 0.02127708 -0.02157913 -0.15593427 0.16689074 0.07837117 0.11215325 -0.01679503 -0.01746624 0.00685113 -0.16753680 -0.00818049 0.05885993 0.04200003 0.06470657 -0.05015174 0.10104379 0.18112145 -0.04209446 -0.14433044 -0.01331716 0.02413648 0.17707433 0.14656366 -0.13776459 -0.07619806 -0.14303082 -0.02747330 -0.10902119 
-0.10073151 0.16828153 0.08910828 0.06253727 0.04450498 -0.04135086 -0.08239041 0.16826965 -0.11059050 -0.09710734 0.03080070 -0.11688277 0.04210201 -0.10551031 0.11892145 -0.07072037 -0.02935846 -0.13798010 0.07011407 0.01411798 -0.13114706 -0.02459603 0.01310860 -0.13801429 -0.12765242 -0.07790308 -0.15892525 0.01764736 0.02240515 0.09549598 0.01988681 -0.02328248 -0.14391039 -0.11331757 0.04397830 0.15091579 -0.09936654 0.12174621 -0.07737187 0.10176002 0.15997069 
-0.15893455 -0.13871109 -0.15691198 -0.06133021 -0.10701330 0.10669445 0.18723683 -0.13982053 0.03909259 -0.18785070 -0.00284847 -0.01491199 -0.02422366 -0.13483211 -0.15674444 0.11669639 -0.15972006 -0.15110739 -0.10630360 -0.02438061 -0.13494660 0.18010093 0.14079838 -0.18577851 0.15478845 0.17136666 -0.06357911 0.15715785 0.04839490 0.14250654 -0.11670776 -0.03115140 -0.12437928 -0.08575016 -0.14918937 0.09827826 0.05291655 0.01505416 0.15266082 -0.16439669 0.00946349 
0.02440653 -0.18329245 0.10825774 0.08236528 0.16319712 0.17909601 -0.16755819 0.00905586 -0.04325383 -0.03387006 0.15818842 0.03407663 -0.07781789 0.14230254 -0.15366422 -0.11850426 -0.07742187 0.01478837 -0.16918173 -0.14499578 0.10987337 0.10329326 -0.07326678 0.13334471 0.02960239 0.09263465 0.16557640 -0.15485324 -0.12967058 -0.08101702 -0.11346596 0.18788524 -0.17048435 -0.18112269 0.02154062 -0.11450358 0.08360231 -0.14953882 -0.12238572 -0.11889178 -0.18403447 
0.07310347 0.13675551 0.07465733 -0.12687525 0.17131566 -0.16733831 -0.06387412 0.09794778 0.15121026 -0.04911357 -0.16205348 -0.17718960 0.17708349 -0.07614922 -0.07565744 -0.10101785 -0.12196735 0.12922892 -0.18172298 0.10715231 -0.03140708 0.10047731 0.08165909 -0.02386608 -0.15455335 0.01143931 0.06972335 -0.14637287 -0.04732478 0.13134733 -0.00111182 0.15587460 -0.03943712 0.04996838 -0.16796589 -0.05974882 0.09235278 -0.04983633 0.12638626 -0.09904329 -0.09809212 
0.06073762 -0.05493299 0.01049933 0.09904580 0.14008166 -0.17247587 -0.11352705 -0.08514162 -0.09634795 -0.01876192 0.08738477 0.11238674 0.13900398 0.18029365 -0.01173339 -0.11342882 0.05856225 -0.06245268 -0.13006099 0.14048330 0.17138040 0.16719672 -0.05488927 -0.00826526 0.14132799 0.04835990 -0.06904213 -0.08666281 -0.03770217 -0.18466268 0.06625728 0.01035470 -0.07054035 -0.01863869 -0.10261963 0.08956456 -0.18247063 -0.02281097 -0.13293166 0.12925403 -0.13656047 
-0.18831109 0.17326912 -0.12081473 -0.09435283 -0.02607629 0.00596573 0.02533651 -0.00356330 0.02988058 -0.13088641 -0.16597790 -0.18670256 0.07485562 -0.18583673 -0.06991962 -0.13752811 0.12968048 -0.12930574 0.02116028 -0.10042095 0.11211057 0.01945317 -0.15169547 0.18462534 0.05989225 0.05697445 0.00767336 0.08527616 0.09652488 -0.02245298 -0.14582522 0.11277623 -0.09824572 0.11711153 0.03442209 0.07557787 -0.10564576 0.10338740 0.00167358 -0.13556617 -0.05836508 
-0.01549066 0.04815393 -0.13925813 0.07031645 0.02386988 -0.15856516 0.04018402 0.06752219 0.16649655 -0.14045733 -0.11207587 0.18690468 -0.06922393 -0.12733887 -0.08410953 -0.08475050 0.07088506 0.15946738 0.04968262 -0.07153713 0.18650040 -0.08100637 0.06539583 -0.14782226 0.08756545 0.13439064 -0.10315240 0.17938049 0.09142195 0.13337894 -0.14856437 0.05094241 -0.00183411 0.07532085 0.09658953 -0.06641711 -0.05872015 0.04628797 0.15463670 -0.11795028 -0.18764764 
0.01837040 0.11553776 -0.03726476 0.00690126 -0.07871002 -0.15488151 0.14883518 -0.02157900 -0.15382256 -0.14172375 0.08342491 -0.11640507 0.15705919 -0.10234015 -0.11225241 -0.14223649 0.13359846 0.14934540 -0.11345308 0.02782192 -0.06100946 0.00820101 -0.09076034 0.05789689 0.06028070 0.17959009 -0.15463635 0.12395509 0.11640015 0.13705388 -0.18650942 -0.07047686 -0.08192974 -0.00312607 -0.15844081 -0.13094173 0.03466912 0.08230867 -0.03473993 -0.14166823 -0.11391592 
0.16246316 -0.09754062 -0.09118865 0.01919940 0.10542085 -0.11512958 0.11399724 0.07364060 0.11996484 0.13074282 0.01380455 -0.12309434 0.03035704 -0.03676326 0.14509861 0.11121487 0.03931613 0.17769003 -0.05682098 -0.06603514 -0.04517352 0.11048320 0.17808354 0.15044321 -0.12808251 -0.14654800 0.02387590 -0.05716148 -0.13609183 0.15125242 -0.09396494 0.08683900 -0.01607685 -0.00604173 -0.17221729 0.08709528 0.14619839 0.12945861 -0.08976211 -0.12296630 -0.07908359 
-0.02709355 -0.13304600 0.09163492 -0.05555684 0.07711787 0.15155756 0.13543591 0.13026378 -0.12400399 -0.18459344 0.09947404 0.17749324 0.02715373 0.01390358 0.03382546 -0.15400527 0.17883104 -0.09904235 -0.08228079 0.12633955 -0.13025205 -0.05606753 0.16128536 0.07986111 -0.09477523 0.03485441 0.18167628 -0.13832274 -0.03585656 -0.06668036 0.03898516 -0.10930475 0.03250482 -0.11621866 -0.10142706 0.16030134 0.12269245 -0.00146830 -0.18273290 0.09168189 -0.01980021 
-0.02849197 0.10505190 0.09052055 0.05732101 0.17950830 -0.02163750 -0.00650817 -0.09799888 0.12040637 0.01431122 0.10177485 0.03222902 0.14748694 -0.07045780 -0.13852485 -0.04111663 0.08586951 -0.10609835 0.03380509 -0.11957140 0.07552744 0.17729922 0.15776317 0.04692745 -0.02609761 0.02463250 -0.15371865 0.09714891 -0.08566800 0.10110655 0.10556713 0.08222444 0.05726625 0.01286949 -0.01115245 -0.14743863 0.12896845 -0.03716470 0.18117192 0.05227410 0.14592130 
-0.00534316 -0.11345564 -0.01521167 -0.16195361 -0.00583877 -0.15259106 -0.17075774 0.12302996 0.01830241 0.10347059 -0.10737380 0.07719148 -0.11875300 -0.11275522 0.07447071 0.12847589 -0.02525323 -0.10399467 -0.03321202 -0.08751708 -0.07512199 -0.14594209 0.03248924 -0.00110600 -0.12325887 -0.09712405 0.12696689 -0.13824391 0.15828422 0.13676129 0.17179923 0.04652153 -0.06515540 0.04346674 -0.15638997 0.04470721 -0.03399972 -0.13685070 -0.16743520 -0.18475905 -0.04603627 
-0.06972522 0.11487702 0.16337800 -0.17251220 0.02946605 0.06219471 -0.06048352 0.18011160 -0.05675086 -0.01800098 0.06387351 -0.10794304 -0.06889383 0.14466745 0.02439326 -0.02938438 0.17990799 -0.08747835 -0.17778014 0.04994810 -0.13211043 -0.01185713 0.06788392 -0.16049767 -0.03072803 -0.16886751 -0.13967626 -0.17407630 0.12095650 -0.16053425 0.10801806 -0.17770121 -0.13081801 -0.14711550 -0.09282824 -0.02759364 0.12926660 0.07476161 0.11846235 0.12689486 0.15827729 
0.02070831 -0.15998441 -0.07174099 0.15189162 0.09696926 -0.09045077 -0.01506163 0.09874602 0.00097142 0.12244785 0.03258713 0.13679950 0.06013384 -0.02756161 -0.08604690 0.13917309 0.00794292 0.09387633 -0.06894050 0.11408689 0.07303105 0.05003505 -0.17803048 -0.01208548 -0.00142909 0.09926925 0.12746538 -0.05095780 0.12010550 -0.14351544 0.11828443 0.15144606 0.14568141 0.10829981 0.03544643 -0.04313469 0.08420662 -0.16743991 0.11277818 -0.06530176 -0.15531184 
0.07642101 0.12154298 -0.10186153 0.01826245 0.18571056 -0.16613302 -0.15602314 0.18033575 -0.05803879 -0.18414935 0.02619401 0.08811230 -0.09583431 -0.05359014 -0.03097739 0.16225326 0.14323838 0.12450455 -0.06997719 0.02543833 -0.17666756 -0.09328716 0.17307413 -0.00657698 -0.12398389 0.15324287 -0.17976086 -0.07769028 0.02589561 -0.02802270 0.07826160 0.15487672 0.14744860 0.03865643 0.01839374 0.13103890 0.09102026 0.16532910 -0.16598737 0.03083718 0.11928982 
0.09081505 0.10786597 -0.09590999 0.18187709 -0.15489356 -0.05376280 0.08194740 -0.07709607 -0.16188955 -0.05971558 -0.10260745 -0.08254673 0.17878748 -0.07758502 -0.08913940 0.16818941 0.04803207 0.07401939 0.07983084 0.14998730 0.12299512 0.18635593 0.12893006 0.07109717 -0.04418847 0.08502043 -0.05615031 -0.09935384 -0.04162033 -0.08936255 0.18633567 0.16518956 0.12678087 0.12652145 -0.08779461 0.15947673 -0.17015465 0.08453373 0.05435120 0.00935076 0.01410113 
-0.03767655 -0.13095008 -0.10558307 0.02654419 -0.05565166 -0.00915969 0.18258244 0.01732272 -0.15771496 0.00952459 -0.07926373 -0.04003121 -0.13690855 -0.00891338 0.17687000 0.10408311 0.01219018 -0.12298771 -0.06197406 0.00038016 -0.01711307 -0.08694832 0.06296770 0.11861795 0.10410193 -0.04818004 0.07704851 0.11645913 -0.00197290 0.00385580 -0.01288715 0.09141883 0.08077479 0.18758503 0.05978820 -0.18413381 -0.08915164 -0.03758500 -0.09949456 -0.14580519 0.07240536 
0.08586559 -0.17185944 0.07221978 -0.01852768 -0.12118222 0.13543458 0.10765128 0.06433474 0.10708228 -0.07785450 -0.09625015 0.11756568 0.13032123 0.08817239 0.16045511 0.06938288 0.16081908 0.15689318 0.12207797 -0.15451008 -0.01474874 0.08162708 -0.18480729 -0.10306343 0.16758122 0.00100379 -0.08743596 0.15769623 0.05243238 0.16839167 0.05592293 0.04647152 -0.15195009 0.05056040 -0.01571107 0.11203243 -0.16343887 -0.09695186 0.00609958 0.01395504 0.14492847 
-0.11043226 -0.07525338 -0.09311376 0.07262203 -0.04107834 -0.02427109 -0.17828351 -0.11975396 0.02215455 0.02907677 -0.07429159 -0.13265316 -0.08913226 -0.08852328 -0.02839703 -0.18374847 -0.01921392 0.02755586 -0.01056708 -0.10709005 -0.05284188 0.10923478 -0.07771352 0.01214636 -0.10601926 -0.14439511 0.03043462 0.13648744 0.09147444 -0.11491442 -0.03808084 -0.14243759 0.14510237 0.17406498 0.06579525 0.15862772 -0.11925988 0.03564856 -0.03753840 -0.07011144 0.03002750 
0.07748925 -0.01291410 0.01522056 -0.06547818 -0.10557634 0.13963607 -0.12480778 -0.12745890 0.15971120 0.00214289 -0.16148350 -0.01843399 -0.05380099 -0.18297520 0.16422603 0.13698627 0.18470344 -0.13476224 -0.11308118 -0.12811439 0.07139629 0.08446641 0.05333813 -0.05939035 0.08768782 -0.06992094 -0.15981911 0.06840449 -0.07844120 -0.15885727 0.02967322 0.15223312 0.18405536 -0.09876016 0.13856164 -0.09420234 -0.13472702 0.10228392 -0.07906046 -0.01502541 -0.04620839 
0.05237196 -0.09337466 -0.16716735 0.17156996 -0.03854677 -0.05970742 0.03448013 -0.07955810 -0.08840251 0.11716147 0.11961824 -0.04211260 -0.07225435 -0.18566242 -0.15522987 -0.05332179 -0.04279246 0.18348818 0.16670972 0.05084908 -0.06293329 0.08301803 -0.17126830 -0.16741450 0.16295455 -0.12929219 -0.12811145 0.12088892 -0.16590053 -0.01716506 0.16967984 -0.15085065 0.06352190 0.01191074 0.07926280 0.02443223 -0.12814942 -0.14052399 -0.10170751 -0.03094461 -0.04050497 
-0.18563864 -0.13228461 0.07548226 0.17134553 -0.04211637 -0.13577102 -0.10946651 -0.04828846 0.13915494 0.07959728 -0.00683218 0.10910722 0.03933931 -0.18631074 -0.12281709 0.16761264 0.15253074 -0.08941596 0.04218251 0.11692332 -0.11402230 -0.11809232 0.06267388 0.07944264 0.03213483 0.07183286 -0.11513616 0.00352437 0.06952151 -0.14704968 -0.11721770 0.06565394 0.04488705 -0.02624108 -0.12558542 -0.00770184 -0.18717189 0.10062252 -0.11589018 0.14329505 -0.05380428 
0.13855185 0.11796670 0.08670650 0.01818550 0.02264390 -0.03714653 0.10974172 0.15180379 0.12841107 0.01567015 -0.04618775 0.02231490 0.08608078 0.05328460 0.17149904 -0.09985583 -0.18819378 -0.11623370 0.02261910 -0.07710054 0.13980624 0.09748819 -0.03613565 0.14153960 -0.16384311 -0.10775808 0.02511192 -0.01005274 -0.12999710 0.08344481 -0.15868708 -0.12479281 0.12411850 -0.15181543 0.05263375 0.16119084 -0.00134361 0.02857491 0.15835670 -0.15219197 0.13073738 
-0.07757143 0.13928285 -0.03148023 0.00152897 0.07178369 -0.18781538 -0.16278546 -0.04338886 -0.04221661 0.06386242 0.08243933 -0.09981091 -0.18683514 0.10781141 0.11747811 0.16570921 -0.18347056 0.12929927 -0.12994613 0.18659939 0.07544153 -0.13631870 0.10664297 0.07555278 -0.15058707 -0.02874190 0.04963366 -0.14084822 0.10164706 0.14572498 0.08673924 -0.18524224 0.12371718 -0.11395780 -0.16444540 -0.05583062 -0.00223659 0.09410521 0.00956850 -0.09487256 -0.09368107 
-0.04107674 0.00243505 -0.15014392 -0.11742036 0.05115070 0.10720975 0.18024139 -0.13679852 -0.04390667 -0.07761180 -0.16248861 0.04662103 0.09958600 0.17498088 0.00844881 -0.07125013 0.11117996 -0.17050719 -0.18810029 -0.05240050 -0.00937342 -0.01796424 -0.07247771 -0.17120576 0.13008586 -0.09939084 0.09007687 0.13721344 -0.14273016 0.12664901 0.17162554 0.14171496 0.14575584 -0.14830525 -0.11623425 0.01334642 0.09066845 -0.09501805 0.09899001 -0.04374581 -0.01209309 
-0.12927642 0.13693848 0.13518822 0.11262342 -0.02844941 0.06645899 0.00899061 -0.00974800 0.09269698 0.08280504 0.01733714 0.08465467 -0.17424217 -0.02870350 -0.05866949 0.14423110 -0.14909427 -0.18773796 0.00787574 0.09511063 -0.05033109 0.10147247 -0.15087628 0.00934624 -0.06173781 -0.17435218 0.00650212 -0.00364370 0.18604639 -0.17492947 0.10191099 0.05923006 -0.14388373 -0.04207123 -0.13082010 -0.18198831 0.16990517 -0.13210382 0.09943564 -0.09098036 0.12847921 
0.03059518 -0.17953080 0.02044353 -0.08793232 0.10591703 -0.06637050 -0.02899196 -0.00778421 -0.06419190 0.03276583 0.12521057 0.11364711 -0.15834288 0.00768634 -0.07333018 -0.17850707 -0.10859168 -0.04213198 -0.02119220 -0.05907215 0.15985379 0.13752276 0.15729523 0.09616509 -0.03991682 -0.09861701 -0.09345344 0.01620892 -0.03540811 -0.06659298 0.00010811 -0.06723677 0.10846895 -0.13663001 0.15028520 -0.14591360 0.13471530 0.07768437 -0.12517874 0.04439197 -0.05638992 
0.01870131 0.02457605 0.02801139 0.10863467 0.01104511 -0.14939713 -0.00213882 -0.14695740 -0.07354609 -0.03881322 -0.01580665 0.01309341 -0.01624206 -0.14483938 0.10061196 0.08351417 -0.12349134 0.14102468 -0.15082219 0.16495754 -0.00431166 -0.11191834 -0.18008378 0.14763381 0.13661131 -0.08767644 -0.11548002 -0.12305319 -0.03182457 -0.13307667 -0.04684422 -0.08252802 0.11648840 0.11276124 0.02678255 0.18197046 -0.09295678 0.07297248 -0.18082531 0.12061376 0.10855536 
0.18535809 -0.06078697 -0.02082238 0.12696035 0.12857905 -0.17546779 0.09872291 -0.01078999 -0.08500644 -0.08531161 0.06141836 0.08124895 -0.13358675 0.04747779 0.17913395 0.09321176 0.06724771 0.07530348 0.18169279 0.13899049 -0.04638260 0.13908610 0.05304305 -0.11975656 -0.02158984 0.04095727 -0.12634845 -0.01913125 -0.09051351 0.06121531 0.05987967 -0.15415885 -0.14142136 -0.11000469 -0.04931173 -0.10092130 -0.00687194 -0.18227084 -0.05622245 -0.18127574 0.08705155 
0.16480666 0.09791542 -0.01578297 0.03420419 0.18171138 0.07438208 0.14619151 0.01421670 0.02045215 0.05702996 0.18649583 -0.15787168 0.01345363 0.00822641 -0.04046305 0.14202496 0.07987569 0.15044343 -0.12422775 -0.17673737 -0.13584736 0.11457504 -0.01294682 -0.15788956 0.08967647 -0.18592680 -0.07622033 -0.14034350 -0.08282400 0.04081814 0.17322092 -0.17738767 -0.13711001 -0.00307220 -0.00663711 -0.00390654 -0.08622097 -0.14848877 -0.18588151 -0.06912231 0.07335183 
0.16577139 0.10770053 0.13824679 -0.10993592 -0.02409944 0.06864523 -0.17780943 -0.06548798 0.10649535 -0.14418368 -0.18440214 -0.07679980 -0.08147677 0.07305684 0.10659670 0.05165835 -0.02802530 0.03457323 -0.02195978 -0.14710732 0.04453362 0.06320517 -0.03568735 0.13929407 0.15664247 0.05346443 0.17936385 -0.18831857 0.04758365 0.07407357 -0.13987766 -0.16753317 0.05276140 0.04578961 0.06942396 0.09774677 0.16443361 -0.14252327 -0.16448088 0.10172626 -0.03066138 
-0.17938925 0.13848136 0.06420788 -0.14098884 -0.00077411 0.17921397 -0.06951038 -0.04265139 -0.08353832 0.09432007 -0.14783311 -0.09453177 -0.01865182 0.05368918 0.18825699 0.04817064 0.14163853 -0.00863983 -0.12442181 -0.04656148 0.14738064 0.02677213 0.00682480 0.14387162 -0.16144693 -0.15749271 -0.02348924 0.14952588 -0.09521548 0.17240024 -0.02725158 -0.15100980 0.02650250 -0.00259230 0.14504507 -0.03520336 -0.01687185 -0.17800830 -0.01627696 0.02216418 -0.18574961 
-0.11316165 0.02666521 0.09414502 -0.07517545 0.08614177 -0.05224964 -0.11178335 -0.17263973 0.14753641 0.00714089 0.18041858 -0.17327680 -0.00825364 -0.04006187 0.10140380 -0.17444286 -0.01020381 -0.03107327 0.05811458 -0.04914717 0.02680456 0.17520422 -0.00623790 -0.07768106 0.18090917 0.15836728 0.02555206 -0.14950676 0.03938131 0.14261812 -0.12556706 -0.07597921 0.14370100 -0.01407993 0.01704258 0.03275891 0.00911037 0.11928836 0.06644183 0.09720834 0.15944645 
0.07459313 -0.07517208 0.14268032 0.16609362 -0.12910824 -0.05090800 -0.17355734 0.17581724 0.12211802 0.14199980 0.03399060 -0.01639031 0.00147421 -0.09460737 -0.15879929 -0.12627974 0.00518445 0.08376826 0.00181706 0.01475497 0.02316539 0.06012845 -0.11825630 -0.05534281 -0.09419274 0.02670724 0.04665104 -0.14956217 -0.13801959 0.16011666 0.03353835 -0.08051932 -0.03936333 0.15953726 0.09348157 0.07961709 -0.05048269 -0.18538179 0.03936357 -0.15565300 -0.00482248 
-0.02979473 0.06639448 0.05516377 0.09978569 0.13973492 0.02925410 -0.10836913 -0.06995793 -0.02794200 -0.07289331 0.00397884 0.17102730 -0.11435607 -0.07506896 -0.00833350 0.12509051 -0.01965105 -0.15925966 0.04992633 -0.12101753 -0.11141315 0.01994324 0.17106524 0.14614551 -0.00554869 -0.17620984 0.06285784 0.15642489 0.16528128 0.16091435 -0.12612358 -0.00815589 0.09535734 -0.04922172 -0.09556732 -0.08833031 -0.17677024 0.06507047 0.03661828 0.05627886 -0.00099993 
0.15225621 -0.18124606 -0.16783305 -0.08827472 0.00374807 0.06092809 0.13181722 -0.01711646 -0.14391747 0.14439788 0.01596417 -0.00365611 -0.02253873 -0.07958435 -0.15253508 0.01654110 -0.10519365 0.16499178 -0.18221888 0.06319766 -0.16160877 0.13708395 -0.05786921 0.02807172 -0.00800376 0.01425037 -0.16717605 0.02542796 0.02591616 -0.05945120 -0.18133385 -0.13585152 0.04475864 0.07654588 -0.04076137 0.02714933 -0.06007729 -0.15228972 -0.00473787 -0.11507349 -0.07393819 
0.15429099 0.10103328 0.00444807 0.14326666 -0.15398349 0.16800062 -0.10995337 0.05944658 0.10373710 -0.15025117 -0.03572452 -0.10856670 0.00080970 0.04211762 0.15660504 0.17840473 -0.10395827 -0.17513157 0.09667746 -0.09578553 0.01267724 0.14921863 0.01665938 -0.00130912 -0.14550115 -0.09327108 0.06650566 0.03973926 0.12915239 0.03946952 0.11780937 0.08052230 0.08944286 0.03327252 -0.02626347 -0.12512483 -0.18026255 0.15786605 -0.10810631 -0.17488024 0.17552219 
0.06196710 -0.11716457 -0.17198645 -0.17832877 -0.12675762 -0.11270143 -0.15192391 0.11387601 -0.07938264 -0.15406141 -0.01106614 0.17259702 -0.11150353 0.00851660 -0.06263370 -0.15757419 0.11410465 -0.00510296 0.15506952 -0.00368813 -0.18392234 0.07340181 -0.12482119 0.02412509 -0.01425722 0.05200195 0.09434652 -0.07996963 0.15505601 0.14614102 -0.08090395 -0.09725602 0.16988845 -0.03609394 0.08881351 0.00745921 -0.12233413 -0.00571242 0.08662617 0.17556936 0.10111547 
-0.12160807 0.13804829 -0.05454903 0.05742937 0.11659671 0.04920965 -0.10726070 0.09389691 -0.09968771 -0.00033706 -0.01238117 -0.07218283 -0.11405136 0.14716800 -0.15532357 -0.12050837 0.15559009 0.07790529 -0.18069589 0.03451703 0.16404678 0.13939689 0.00095395 -0.17121054 0.04973739 0.09507514 0.10673621 0.13512421 0.16709305 0.08703769 -0.06822834 0.02433479 0.11862898 -0.08746901 -0.02092914 -0.16008660 0.09484232 -0.03774035 -0.07259620 0.09856312 -0.05832077 
-0.02439566 -0.01100072 0.14156568 -0.10232954 0.06613749 -0.11845162 0.05367460 -0.05670213 0.04721645 -0.06775149 0.12500544 0.05809516 0.00085323 0.02014119 0.10669173 0.14162846 -0.17763908 0.15941815 -0.02416452 0.10547200 -0.00920557 0.16497301 -0.12125880 -0.02093713 0.08242510 0.03769891 0.12972561 -0.12443445 0.11764563 -0.03347152 0.07315633 -0.10568640 0.17420168 0.10217217 -0.07296466 -0.06475072 0.06173179 0.07296325 0.04077567 -0.16373602 0.18492503 
-0.17904837 -0.16218667 -0.15448567 0.01863123 -0.02295082 0.15430364 -0.06330656 -0.16109551 0.09603854 0.09447215 0.14727041 0.05860668 -0.06917519 -0.06185602 0.10021231 0.14988588 -0.07401484 -0.00354654 -0.06523859 0.15272644 0.18508552 -0.11966132 0.07186048 -0.02778945 -0.14685996 0.05672951 0.03595106 0.14760195 -0.02200878 0.15986285 -0.08694200 0.16911390 0.13557419 -0.18397850 -0.11667233 0.18741669 -0.13183776 0.04917905 0.13242014 -0.05899557 -0.06032711 
0.17113039 0.11041883 -0.15018710 -0.08982548 -0.05740428 -0.07151679 0.15160938 -0.12405307 0.12112032 -0.04522798 -0.05118598 0.05334660 0.08298536 0.03311502 -0.03550612 0.17047329 -0.00484700 -0.06496493 -0.14687243 -0.15296750 -0.09094645 -0.05529422 -0.03119616 -0.12298916 -0.08624405 -0.15957478 0.02954166 -0.17435199 0.00960776 0.18827982 0.05505681 0.18630958 0.10338104 -0.10506544 0.05885146 -0.10065291 -0.01810010 -0.09470379 0.10497018 -0.15266454 0.10188869 
0.06142780 -0.13715789 -0.05445728 0.09191089 0.06046069 -0.18716295 -0.12588909 0.16453391 0.03569948 0.06472255 -0.15854289 0.03794204 0.07094598 0.05298642 0.05897107 0.02551967 0.05995822 0.03547828 0.11545590 0.09466348 -0.02867899 -0.02356417 0.02066251 -0.17585668 -0.03103598 -0.06875456 -0.15235960 -0.04889366 0.14224452 0.00166347 0.07150052 -0.04810529 -0.17390563 -0.02527205 -0.04354775 -0.07498012 -0.02260727 -0.10106868 0.15414108 -0.15728626 0.05453952 
0.15971516 0.06875338 0.13281147 0.11203028 0.17729123 0.02355708 -0.13980344 -0.05043466 -0.13198526 -0.16893232 -0.09836357 0.02052068 0.07846710 -0.15960003 -0.01784169 0.10304002 -0.18406744 -0.10427432 0.16559960 -0.14169680 0.15969984 0.18811603 -0.06012559 0.16635685 0.14947361 0.15720104 0.02039892 -0.08400578 0.15158576 -0.14437048 0.06774899 -0.16728698 0.04526171 -0.13572553 -0.09863464 -0.01290098 -0.14121212 0.01498617 0.14033119 -0.12403870 -0.01403300 
0.05224768 0.07880400 -0.14976853 0.16196123 0.13388370 0.04446390 0.02192791 -0.01168089 0.01546748 -0.06085911 -0.10290059 -0.11047332 -0.01183895 -0.00328380 -0.17143501 0.04554844 0.16110626 0.08446603 0.04711211 0.06260526 0.05647185 -0.14921978 -0.03607774 -0.01557243 0.18113507 0.18655196 0.03166570 0.10071719 -0.03183347 0.09419882 0.07530990 -0.08731563 -0.08103102 0.02800478 -0.00231597 -0.10956482 0.18350148 0.01319393 0.16555822 -0.08320480 0.04732691 
-0.09561626 -0.15704860 -0.09615286 -0.13151909 0.12906341 0.05134845 0.03922037 0.07573681 -0.07227764 0.17676045 0.14715458 -0.00390176 -0.00603178 -0.00494044 -0.12818468 0.02073135 -0.14958262 -0.10506039 0.14390408 0.00740142 0.03702528 0.11350450 0.08295961 -0.02264738 -0.02147425 0.09937794 0.07001299 -0.17740919 -0.12179365 0.03383197 -0.04447030 -0.12946029 0.06151643 -0.15491778 -0.08377758 -0.15843210 0.01553354 -0.08113131 -0.15030938 0.11605514 -0.00898923 
0.03268784 -0.05466728 -0.04580040 0.12613742 -0.13606659 -0.17827663 -0.00407258 0.13771935 0.06960733 0.16467476 0.14219958 -0.00013462 -0.00147905 0.01335347 -0.16757199 0.15393014 0.06598851 0.01519463 -0.12451137 -0.04459229 0.08123952 0.08458710 -0.17918079 -0.12638478 0.12394445 -0.06261502 0.15622513 -0.17755607 0.04745389 0.15434834 -0.06558149 0.04239082 -0.15043205 -0.06102870 0.06169341 0.18172058 -0.14752267 -0.15296191 0.00290991 -0.08279178 -0.17131895 
0.11184087 0.00864398 -0.18286885 0.06753583 0.01854906 0.10363913 0.08729585 0.12538052 -0.04461765 0.03185945 -0.03411566 0.17552707 0.14401439 -0.02305579 -0.10247440 -0.10747446 -0.10724550 -0.02768360 0.12474727 -0.13576145 0.05127464 -0.07052545 -0.14511214 0.03846090 0.12401059 -0.08134473 0.03128551 0.11740115 0.00282835 0.05362533 -0.13133675 0.17878209 -0.16797298 -0.17905197 0.15450643 -0.04640255 0.18046856 -0.08680359 -0.14257719 0.06007041 0.03676761 
-0.07199665 0.00018675 0.12405200 -0.13918789 0.12041219 0.11215802 0.06320836 0.01797267 -0.16274029 -0.03809876 -0.06693732 -0.13450341 0.09184128 0.02110934 0.17380878 -0.09510560 0.13490298 -0.15947826 0.14432445 -0.08752911 0.09962306 0.04421568 -0.00485534 0.17162450 0.12463838 -0.08178042 -0.13127771 0.04043366 0.11799441 0.17595257 0.13548729 -0.13718250 -0.09129975 0.03619294 0.06780249 -0.02163556 0.02614675 0.04761022 0.14381871 0.07998041 0.02597355 
0.15135375 0.10150841 0.07656630 -0.07453459 -0.07136071 0.13674426 -0.11436195 -0.17409548 0.17527473 0.04810191 0.11720780 0.14494309 0.13522881 0.04101282 0.05374518 -0.00120618 0.07735374 -0.02937130 0.02305059 0.01505346 0.14079568 0.14592667 0.08475282 -0.03192448 0.07198353 0.15618990 -0.01579935 0.13577943 -0.12593731 0.10771911 0.07354990 0.10293745 -0.02391661 0.12668397 0.00537699 -0.07174232 0.12950031 -0.14228468 0.07701666 -0.04211966 0.18584746 
-0.12645577 0.06112530 0.05484717 0.05452936 -0.01088854 0.14285795 0.13663180 -0.12043803 -0.16972540 0.13882133 0.12556113 -0.02388493 -0.09452525 0.09087727 0.02310382 0.15616882 0.00669859 -0.09317493 0.17499755 -0.08827774 -0.04694196 0.15892096 -0.09002084 0.05078439 -0.01975073 0.04960812 0.18335141 0.12903510 -0.04791059 0.08366379 0.13002078 -0.06228980 -0.03035369 0.09306587 -0.12385377 0.07931802 -0.17836484 0.02074207 0.03076858 0.09683220 -0.13290627 
0.17907943 -0.06978462 -0.12984516 -0.00059379 -0.18188815 -0.03081363 -0.10012855 0.12730788 -0.06015325 0.07827871 0.06569749 0.02297846 -0.06659415 -0.01956684 0.12548731 -0.13388145 -0.00662996 0.11627845 -0.02409180 -0.17981230 0.18827838 0.03071308 -0.08234419 -0.18540603 0.00867044 -0.11479010 0.16723688 -0.13351336 0.15048146 0.13793133 -0.13576798 -0.05870272 -0.03758248 -0.05725434 0.18740146 -0.01071732 0.00566906 -0.06167980 0.04714704 -0.10407388 0.14278798 
0.09139063 -0.01608350 -0.11777395 0.13771249 -0.04556381 -0.04282603 -0.00395271 -0.10853457 0.16409858 -0.12088841 0.17450370 -0.09749819 -0.13172223 0.10654683 -0.03260877 -0.12347689 0.00708943 0.06916809 -0.05740289 -0.04820827 -0.02055594 0.08278235 0.01258629 0.12792353 0.11253398 -0.02443340 0.10855707 -0.16303436 -0.08149751 0.10147997 -0.02459800 -0.02007131 -0.06268931 0.03820643 -0.00780401 -0.02002821 -0.09195645 -0.07253423 0.00955100 -0.01198129 -0.13448152 
0.08280995 0.09990644 -0.09173993 0.17494209 0.11038731 0.07382101 0.13721442 -0.12607828 -0.00059187 -0.14957830 -0.03214423 0.14719629 -0.05651871 0.11511184 -0.03557124 -0.17029367 0.00902515 -0.18261482 -0.18512407 -0.15139589 -0.05611731 0.07829826 0.01734575 -0.14761697 0.14639115 -0.02218835 0.15643972 0.03766349 -0.08866550 -0.15757447 0.10945652 -0.11949568 -0.15921426 0.05939268 -0.04869775 0.04337572 -0.17845188 0.06527887 0.14735802 0.02336027 -0.05611776 
0.07069194 -0.07157284 -0.03687212 -0.17720161 -0.02471520 -0.10574672 -0.08596611 -0.01032132 -0.12193653 -0.10646737 -0.13903804 0.00101118 0.03692232 -0.10954799 0.08951780 0.16191468 0.10512584 -0.17432491 0.08781451 0.17521560 0.18512905 -0.14197691 -0.02585391 -0.02485085 -0.12435691 -0.08664725 -0.15283842 -0.18254071 -0.07006061 0.13074008 -0.03254998 0.11076929 0.08731750 0.11242068 -0.04433000 -0.03256321 -0.11150952 -0.09241521 0.13099438 0.09666922 0.14243783 
-0.14091726 0.07168342 0.01106303 0.15209465 0.11802002 -0.14753921 -0.05429469 0.18656893 -0.05957217 0.04657527 0.08430653 0.00431204 0.11817089 0.12736732 0.18522662 -0.00913245 -0.11335383 0.18839003 0.02303349 0.10463085 0.17391920 -0.12313552 0.09172463 -0.05517246 0.13088152 0.08358555 -0.05434591 0.07954483 -0.13451336 -0.07537068 -0.18046437 0.15732490 -0.15887879 0.04501610 -0.11842816 0.07102203 -0.17613387 -0.16783443 -0.11169827 0.12693352 0.05434504 
-0.09404372 -0.10657918 -0.13406593 -0.09238939 0.18796307 0.00687476 -0.14726658 0.00577117 0.14712156 -0.18197265 0.05620819 -0.05821534 -0.13659637 -0.03795056 0.16285633 0.10426143 -0.00550680 0.15107034 -0.13947789 0.14520477 0.01120668 -0.07158858 0.07552715 0.17224702 0.03557844 -0.08569054 0.09913690 0.16396035 -0.18276815 -0.12421998 -0.04619729 -0.13809298 0.05698027 0.10518984 0.14761651 -0.15431304 -0.09482150 0.01091869 -0.01288760 0.08384200 0.11070463 
0.13103093 -0.04278471 -0.06317910 0.09695318 0.01607048 -0.10079756 -0.18818763 -0.01278023 0.00415171 0.06153554 0.16644065 0.05090519 0.12642711 -0.16596447 0.03877626 0.14850661 0.10903932 0.02852565 0.08408189 -0.00268469 0.09979852 -0.02162315 -0.14205374 -0.18688262 0.06366691 0.18786448 -0.14259799 0.08718405 0.13063279 0.04893056 0.10093860 -0.07907188 0.16970605 -0.08707494 -0.18107465 0.07534119 0.06183711 -0.04077407 -0.18634935 -0.01822714 0.03098172 
-0.08930172 0.07804087 -0.16307667 -0.03892596 -0.02633619 0.15988810 -0.03914279 0.09779111 0.15603295 -0.01590794 -0.18192576 0.09081164 0.05049569 0.02729747 0.16879028 -0.02765809 0.17675224 0.00880471 -0.11925541 0.11076786 0.06325395 0.03071571 -0.03823408 -0.08020630 -0.05418771 0.10052874 -0.18443346 0.15047322 -0.00052766 0.17588167 0.07415167 0.04189657 -0.16681345 0.09019012 0.15639333 0.01207614 -0.15553987 0.01221624 -0.06206695 -0.05354922 -0.09670705 
-0.02448744 -0.04614289 0.02267076 0.03772454 0.18363877 0.05968113 -0.09937067 0.05234272 0.16862077 0.13777058 0.17696470 0.18827845 0.03178369 -0.17722721 -0.07810634 -0.18352109 0.03387779 -0.02789903 -0.10442259 -0.06511425 -0.01861166 -0.02515611 0.02090725 0.16898227 0.18408471 0.01769934 0.14249770 0.11162652 0.17468709 -0.03031654 -0.03628662 -0.13467053 -0.07916594 0.09640258 0.18314449 0.04291634 0.01419666 0.06086136 0.14047499 0.03187143 0.16702533 
0.07966291 -0.03409428 0.15796039 -0.02980961 -0.18376726 0.04190250 -0.06731797 -0.12563518 -0.09023476 -0.15290625 0.18465813 -0.14298691 -0.04317649 0.13533416 -0.07249443 -0.07542004 0.12064254 -0.16148876 -0.10700221 -0.08386487 -0.11809219 0.06494193 0.13693370 0.05493120 -0.04048513 0.14790346 0.14657997 0.13633977 -0.12935032 0.02558231 -0.01769014 0.01213834 0.13625057 -0.12093096 -0.16373321 -0.14496629 -0.14830267 -0.07297649 0.11311176 -0.11159889 -0.08692157 
0.13557073 0.13502394 -0.01081709 -0.16364378 -0.14931853 0.18821205 0.04666451 0.07704035 -0.02069331 0.03504755 0.03615211 0.13518082 -0.01215366 -0.01684373 -0.08215573 -0.03288863 0.07183387 -0.09809791 -0.03649573 0.11924476 0.08727684 0.18287516 0.03822698 -0.03924431 -0.10105628 -0.01428945 -0.11289430 -0.00195216 -0.02434614 0.06755946 0.03894019 -0.11113529 0.16795208 -0.17220673 -0.11210851 0.01525153 0.07826847 -0.10630715 -0.08397172 -0.02981051 0.17801511 
0.13103226 -0.02073261 0.12827376 -0.03079938 0.13931240 0.08786370 -0.12870792 -0.10601331 -0.04427733 0.09892850 0.05292865 -0.15823096 0.00441011 -0.11776873 -0.15127760 0.04775541 -0.05362732 0.09784421 -0.08197907 -0.07849801 0.01667035 0.18286441 -0.14221567 0.10643762 0.01606053 0.10866695 0.17638965 -0.05545608 -0.11353192 -0.16692935 0.02635151 0.09761153 0.15265109 0.04897863 0.15513441 -0.04364708 0.13996032 0.04913054 0.07035847 -0.02330263 -0.10572203 
-0.04794391 -0.09964511 -0.03803339 -0.09862636 0.12605351 -0.03895514 -0.13984047 0.08090862 0.17578769 0.00221077 -0.15123019 0.09096498 -0.01001023 -0.16924773 -0.12354679 -0.03732885 0.06010858 -0.07558793 -0.06311461 0.05027566 0.09761140 0.15043320 0.08047654 0.07403660 -0.00780886 -0.10158294 0.17827210 -0.07191972 0.16275795 -0.04199655 -0.00613593 0.12888765 0.11228548 -0.05564357 0.12672161 -0.11551093 0.11093250 -0.18451691 -0.12155626 -0.12160881 0.12561393 
0.11001342 -0.18075086 -0.13549580 -0.00606325 -0.15697764 -0.03426867 -0.13497782 0.03220460 0.11376782 -0.01368099 -0.06107629 0.01531038 -0.06338026 0.10776399 0.07418597 -0.13531461 0.02447598 -0.14651291 -0.14001907 0.09384833 -0.16250437 0.15833014 0.15515523 -0.07058966 -0.09364198 -0.13770352 -0.18048769 0.14232513 -0.15096313 0.05726297 -0.04225928 0.10026693 -0.06252894 0.09570593 0.15683424 -0.11469284 -0.08262356 0.01806257 -0.15925322 0.15801910 -0.17380010 
-0.13588603 -0.15817802 0.14063548 0.09119362 0.06423699 -0.02853453 0.14322898 -0.03401871 -0.07923811 0.01395864 -0.17136942 0.01741333 -0.14246009 0.14375502 0.13993281 -0.03612805 -0.10758152 -0.02235556 -0.01577673 0.13915002 -0.00327580 -0.03709621 -0.17501414 0.18628727 0.10513934 0.05272591 -0.17406142 -0.00562312 0.08027430 0.06642002 0.10754919 -0.14441057 0.14748497 -0.10379107 -0.00289154 0.01490077 -0.16427654 0.14438377 0.15562993 -0.00585948 -0.12383465 
0.02355463 -0.18106154 -0.08138052 0.18348937 0.18654688 -0.05347542 0.01296212 0.03809338 -0.02337985 0.10372037 -0.05482820 -0.11267877 -0.14784843 0.02457425 -0.00198324 -0.16996856 -0.17968602 0.04963646 -0.09363838 -0.07721287 0.13607489 -0.05922710 -0.18329424 0.07838109 -0.09768876 0.05695942 0.13167526 -0.14197609 -0.01225752 0.12181833 0.00397197 0.05546393 -0.13137166 -0.03110611 -0.11690965 -0.03268056 0.17713799 0.08599187 0.06643172 -0.07243092 -0.13844861 
0.10966905 0.06113714 -0.12335743 0.13048965 -0.09603463 -0.02859309 -0.08713590 -0.07515699 0.01943048 -0.15604229 -0.14115836 0.16500258 -0.00090914 0.17079663 0.15387870 -0.04498475 -0.10839657 -0.15432878 0.01753943 0.09281097 0.11415683 0.11804805 -0.05314068 -0.01367481 0.04275764 -0.01507485 -0.12330864 -0.17994009 -0.07528555 0.11985208 0.11972664 -0.10459948 -0.02347465 0.01776133 0.05385720 -0.00265973 0.14233318 -0.01567465 -0.02945654 0.09782680 0.00236326 
0.15074526 0.04929226 0.15065035 -0.03803231 -0.08057649 0.13029808 0.07582111 -0.16290058 -0.09413835 0.18717605 -0.03055541 0.09449782 -0.17508589 0.11077718 -0.15691954 -0.18828981 0.15407737 -0.09767006 -0.00579387 -0.15160404 -0.16293149 0.14015703 -0.03656363 0.10854905 0.07937410 0.01065639 0.10080305 -0.09631655 0.13209261 0.08894119 -0.10789483 -0.01214688 0.09725682 -0.15661649 0.00596396 -0.00441922 -0.03549883 -0.08396251 0.12492288 0.17745632 0.16028430 
-0.16373712 0.16608769 0.14810817 -0.18147843 0.07222684 0.09989950 0.16836448 -0.02430705 -0.02899359 -0.03528372 0.13993099 -0.06673025 -0.04581285 -0.08296087 0.00164523 0.14184241 0.02667680 -0.08794681 -0.13744356 0.04327210 -0.03560769 -0.02925890 0.02782307 -0.04196271 0.18570831 0.17271836 0.04378479 -0.08637997 -0.18277413 0.15216470 0.16478300 0.07727950 -0.14681487 0.06085756 0.07684330 0.05908744 0.09737454 -0.06225534 0.17198424 0.14121152 -0.02513480 
0.00229356 0.10975113 -0.06702776 -0.14723662 0.13277155 -0.18205231 -0.15197136 0.07001466 -0.14932276 0.11726017 -0.10579524 -0.14802481 0.07494093 0.11741432 -0.15270185 -0.14833154 -0.18116608 0.04584994 -0.04710830 0.00122403 -0.15414582 0.07776362 0.07608171 0.07155348 0.08819973 -0.13395043 -0.03535784 0.02470238 -0.10999051 -0.18767095 0.00349744 -0.00613407 0.16002369 -0.02170937 -0.08376130 0.11520626 0.04416768 -0.05784487 0.06043712 0.17042895 0.00356254 
-0.04287235 -0.02887941 -0.00037800 0.05336322 -0.01444019 -0.00831955 -0.01733288 -0.01286219 0.13385910 0.00788392 -0.14425707 0.08944763 0.11311072 -0.12879345 -0.03616244 0.06810485 0.16130164 -0.02325073 0.01269827 0.12573561 -0.10621637 -0.06565251 -0.02078222 0.04822713 -0.03936009 -0.16280970 -0.07412032 0.10793454 -0.07417201 -0.00712943 0.01217233 -0.04621040 0.01863168 -0.01510268 0.16261464 0.18758239 0.01526815 -0.01941957 -0.03727467 -0.15958518 -0.14526187 
0.15984680 0.02021927 -0.08857619 -0.16403845 0.00089658 -0.00490842 0.03327268 -0.02355599 0.15814528 0.06306065 0.17324926 -0.07783666 -0.17317198 -0.13086841 0.13651077 0.10671900 -0.15386833 -0.15763731 0.18384884 -0.17820165 0.12588498 0.14318734 0.02039732 -0.11067356 0.01415794 0.16338973 0.02460296 0.10352837 0.10971615 0.09889045 0.16712750 -0.08755449 0.04978586 0.15600719 -0.07177061 0.03097274 0.13631919 -0.09852938 -0.12813950 0.02631932 -0.06678334 
-0.18429150 -0.10156777 0.05652937 0.06411570 -0.18305603 -0.06341613 -0.11836026 0.08171481 0.15904416 0.09648313 0.02973042 -0.01676470 0.11552718 0.16184172 0.00943943 -0.00301580 0.18746287 -0.10922627 -0.15588824 0.18656175 -0.18065080 0.03873062 0.13507049 0.01792899 -0.14313218 0.15319008 0.06364546 -0.17238967 -0.17189619 -0.16865402 0.05665287 -0.12159742 -0.05985780 0.14485618 0.18197761 0.02696571 -0.13127591 0.07090905 0.18581320 0.05151633 -0.15399978 
-0.10557875 0.09910939 0.07840683 -0.04181430 0.04233815 0.09461705 -0.05528091 -0.18427251 -0.15934554 0.11401126 -0.06756473 -0.12757625 0.07151119 0.13098066 -0.13394736 0.01647064 -0.15861328 -0.01490247 0.13595124 0.12358389 -0.09289072 0.05263834 -0.13865572 0.02014973 -0.12662984 0.15044075 -0.16942616 -0.10762531 -0.00454064 0.18494259 0.11596669 0.01186743 0.10522375 -0.03586201 -0.15815367 0.17295367 -0.14663793 0.01975180 -0.03175585 -0.10864889 0.12684813 
0.12676476 -0.14392574 0.00562625 -0.02775272 0.09371304 -0.17554037 0.00933036 0.04808373 -0.18819183 -0.08358467 0.06908959 0.13050944 -0.14020422 -0.00300942 -0.08203809 0.06010404 -0.15162742 -0.17890158 0.04408908 0.12862524 -0.15289465 0.00294381 0.11010241 0.18433279 0.04164240 0.08321565 0.13513309 -0.06067496 -0.02260920 -0.13356727 -0.00220704 -0.16295600 0.10511068 -0.05214273 0.17755815 -0.01213277 -0.04259477 0.11432204 -0.12002838 -0.06797379 0.15720527 

