0.666040995457, 0.389687777024, 0.547316499251, 0.410355460048, 0.274549679262, 0.86176810782
0.0864297930842, 0.405880529967, 0.73870764735, 0.0131409748629, 0.499463191123, 0.943675300703
0.971143703303, 0.351558811711, 0.277176696742, 0.283594904048, 0.527371159151, 0.406742534268
0.403373965789, 0.880493675938, 0.180825433391, 0.042355439888, 0.284128626141, 0.531688270615
0.659137319922, 0.682210029935, 0.0500734218978, 0.958349104383, 0.0168015085404, 0.135588184478
0.862264073683, 0.844734560722, 0.728950861916, 0.660044854277, 0.0690436820729, 0.145242217493
0.534320176489, 0.600846790494, 0.89191460015, 0.606722043679, 0.00852471165539, 0.295398524578
0.209793289811, 0.469838044968, 0.227687549142, 0.0011266835532, 0.362965685221, 0.0432962317194
0.903078320864, 0.216709559911, 0.0825104395694, 0.41715608645, 0.761825171762, 0.000413488839265
0.904769297929, 0.606672546611, 0.0196465040359, 0.191507332149, 0.0748155782213, 0.110016435261
0.134813715494, 0.0682378610852, 0.550241000251, 0.608907704672, 0.406972696608, 0.665271607328
0.283933995956, 0.909913388225, 0.21018981098, 0.697115295492, 0.523080845074, 0.306520708198
0.0179578049324, 0.668989096664, 0.589027564445, 0.348940078318, 0.748861597635, 0.268125161057
0.110959061945, 0.887589842716, 0.204266793569, 0.810081944156, 0.817065503134, 0.966254060139
0.957983442877, 0.717841888262, 0.124916384196, 0.463509419157, 0.256379811671, 0.390268802599
0.64446717731, 0.933715935305, 0.510096658906, 0.790099437205, 0.0435568424157, 0.320357102972
0.837813653332, 0.530720837433, 0.891619978761, 0.692390729166, 0.0154860789721, 0.812312220048
0.208332251372, 0.026401551072, 0.682672456561, 0.295705228793, 0.500217269616, 0.0759281921699
0.584223653295, 0.273264910639, 0.19601573408, 0.756113089121, 0.235496907523, 0.760160498531
0.720662036705, 0.341611407953, 0.526308915758, 0.258322529095, 0.465847488507, 0.928776777097
0.0524021216505, 0.087371407452, 0.659902107477, 0.729260254277, 0.101986217807, 0.676185393375
0.86243684954, 0.704322874237, 0.669562137381, 0.577547745369, 0.466081706529, 0.50029491065
0.368804467118, 0.503171000044, 0.246114493654, 0.779754760563, 0.018762664346, 0.996092868022
0.628733361882, 0.57141993671, 0.754378109863, 0.288306766561, 0.419660531514, 0.320700933723
0.147754139556, 0.246834205265, 0.792868390832, 0.278340267388, 0.0387818637617, 0.0683395464333
0.782946309826, 0.519401637103, 0.546561492234, 0.0482866258963, 0.246690318478, 0.0528766803443
0.789853983256, 0.764410831027, 0.110156673332, 0.313966700596, 0.439940022464, 0.452772012377
0.825834311313, 0.988282107763, 0.412587823468, 0.663390479147, 0.336186524167, 0.226578878631
0.0644438698127, 0.44115105051, 0.88678048415, 0.0270279494825, 0.695884493333, 0.982945731318
0.080148322195, 0.973064367906, 0.577962735447, 0.244587552584, 0.891031778671, 0.337062928567
0.448691800844, 0.380968249177, 0.352455961556, 0.34436609522, 0.292616415966, 0.274514772427
0.229542223759, 0.613551798423, 0.992364917292, 0.0920092045345, 0.601405913634, 0.468180783766
0.597782247821, 0.918816077983, 0.341298663071, 0.0255498500245, 0.643027445187, 0.861786652519
0.0010797520989, 0.325216613588, 0.117138872059, 0.766612863183, 0.191498312105, 0.908828593102
0.175559142092, 0.475615431772, 0.537603771031, 0.964018622304, 0.682867580922, 0.535328701913
0.455979553183, 0.595053168502, 0.222825333583, 0.688957286775, 0.476375768989, 0.92607185159
0.132021895066, 0.981173995321, 0.879602562865, 0.988240348603, 0.92819194572, 0.827883909853
0.40206141634, 0.674925025579, 0.638421703568, 0.594512325944, 0.582260571002, 0.83885958543
0.275645375553, 0.885499570391, 0.435058674711, 0.0639168971704, 0.66668064476, 0.531800152447
0.692251475466, 0.472121551336, 0.738910533529, 0.300192542759, 0.0925244977373, 0.682173061575
0.733876574224, 0.713051874534, 0.179794462196, 0.537654666413, 0.952840090483, 0.27313437398
0.819058986073, 0.566252455257, 0.623959047429, 0.477109917623, 0.0318828886908, 0.412735813326
0.712678932861, 0.578699786134, 0.591098272966, 0.213074313223, 0.607895320941, 0.852376098835
0.607622197557, 0.353951837681, 0.528773101913, 0.96430728961, 0.691564968693, 0.944569851056
0.0782178485888, 0.777265606728, 0.788943496161, 0.965138512984, 0.331129486604, 0.960433915258
0.718532001764, 0.844309985098, 0.25573930714, 0.80432770722, 0.483461162391, 0.251647167105
0.325253964664, 0.0206998790491, 0.42042294665, 0.455812763659, 0.867447047238, 0.968426441398
0.884830783896, 0.326909436898, 0.435915445547, 0.653176206373, 0.985235021764, 0.118994979177
0.72019794906, 0.518736280797, 0.753333509799, 0.0121112404807, 0.237507864275, 0.428613082252
0.194755577168, 0.736133215527, 0.101486446729, 0.569800791869, 0.859202731295, 0.118572544794
0.0932535802072, 0.24271162668, 0.0190267957171, 0.496161054829, 0.61116945816, 0.828885010811
0.405275416788, 0.878786296535, 0.317240184447, 0.873997558544, 0.937298398307, 0.604358625005
0.662766069753, 0.308446217019, 0.220694331235, 0.209693098431, 0.937639083457, 0.978062999066
0.430265027032, 0.675546509459, 0.167839543383, 0.183164372503, 0.514954300218, 0.620365499567
0.443785667362, 0.979443105501, 0.0590172389801, 0.319075395393, 0.276033899952, 0.171184869546
0.667664636353, 0.598789922762, 0.188198213424, 0.205721142335, 0.567774735731, 0.125935993404
0.990259607845, 0.728500248713, 0.120073834208, 0.571448368523, 0.505715239901, 0.533192839553
0.761905031822, 0.372128826987, 0.506059674139, 0.80090299333, 0.514483930823, 0.960800431632
0.686332975135, 0.563861229967, 0.919658981901, 0.916902642022, 0.229357182965, 0.389965045233
0.915832778595, 0.803320233913, 0.756978801453, 0.623415194902, 0.30722961749, 0.879021435234
0.872820875199, 0.936527365386, 0.697704646749, 0.201133704137, 0.369941808618, 0.564814503621
0.929209503979, 0.153146531193, 0.0815300800184, 0.833156678149, 0.21336741821, 0.717876457059
0.512189666781, 0.0164720454372, 0.0209563514223, 0.613094514553, 0.115504579352, 0.821830511582
0.687938807722, 0.501899576188, 0.0785447726131, 0.522904894098, 0.548234265235, 0.476056827623
0.23150657328, 0.0347374233655, 0.603690903039, 0.989383898052, 0.663226061674, 0.828323192963
0.332470571297, 0.80046073407, 0.344798561513, 0.316308432724, 0.116425759593, 0.141329972155
0.274674136147, 0.434098605605, 0.956844546913, 0.402438942516, 0.969692197982, 0.124743806905
0.576640423498, 0.161283523403, 0.177266184803, 0.190283378292, 0.530670093409, 0.619673151386
0.676704761076, 0.360320065227, 0.402341496263, 0.00967687111582, 0.0649088982269, 0.0523547677122
0.126766786919, 0.77342102931, 0.324815412129, 0.565916905358, 0.0473158147308, 0.0522392203346
0.975850114802, 0.25842917641, 0.117762633605, 0.652940557839, 0.401060718215, 0.0380494141061
0.670773672539, 0.788106923853, 0.640784144538, 0.717795466599, 0.576557220825, 0.0378370383402
0.370126674057, 0.849150046955, 0.476463523861, 0.671847203249, 0.876098902766, 0.364891121297
0.384476389696, 0.835442014727, 0.697120089213, 0.289765743907, 0.456025015204, 0.916861936291
0.399702701803, 0.924130704482, 0.248670659, 0.662427347336, 0.176009520454, 0.164886741602
0.815488794525, 0.360261842073, 0.0849841502955, 0.607072224936, 0.457891231772, 0.430117387176
0.184198570545, 0.643413908817, 0.427056746898, 0.154607043245, 0.45076998321, 0.775870995939
0.40549171538, 0.262973575349, 0.370302727632, 0.778135506361, 0.588113874503, 0.200686934579
0.803944877785, 0.896033120721, 0.481779435784, 0.00327566123345, 0.0386818050632, 0.588985592036
0.194969584933, 0.547129692379, 0.77672184265, 0.522568205958, 0.90152824876, 0.0339366512043
0.656275558608, 0.928434982833, 0.347410962653, 0.641543707759, 0.656842388753, 0.418348173691
0.133160915897, 0.990101040594, 0.128000943697, 0.00552554718517, 0.341138104083, 0.156175620992
0.0391497060343, 0.463216839845, 0.404986247453, 0.520385055478, 0.956942788838, 0.30816038971
0.572938597072, 0.771035203644, 0.702010528003, 0.603589721772, 0.912622161622, 0.441401624642
0.349500085548, 0.546742548244, 0.978573832162, 0.638970353124, 0.920829586674, 0.708960090993
0.974243303722, 0.954240151343, 0.261591207357, 0.777748776763, 0.274534881424, 0.623863889824
0.612493183751, 0.779435467682, 0.81840285594, 0.869076762391, 0.88706867855, 0.279628149393
0.228783721824, 0.825021691082, 0.361107516028, 0.798116991153, 0.316035131449, 0.579816936395
0.496872698067, 0.600998444977, 0.266171993531, 0.906720097324, 0.655114346834, 0.188455925621
0.876828504139, 0.0217350447531, 0.160397751494, 0.958844034762, 0.799147765579, 0.44168434511
0.541051093972, 0.712643413364, 0.655124783769, 0.76877313686, 0.264737663679, 0.459187621716
0.382199546598, 0.318141674572, 0.505988843754, 0.402327270888, 0.025659616705, 0.146106867792
0.768906471182, 0.371609926453, 0.600172927219, 0.692367660762, 0.390426498163, 0.756060998356
0.242247714652, 0.183386194463, 0.286380444603, 0.163902094249, 0.330081834117, 0.235435311496
0.63797110801, 0.378572027099, 0.752692699699, 0.798556785756, 0.0701607431071, 0.842568780431
0.588815342029, 0.723903986956, 0.758412504018, 0.809810534775, 0.878538889401, 0.506188362914
0.31238335895, 0.463601333749, 0.182314172637, 0.166745890184, 0.586783772601, 0.544904396624
0.503080523237, 0.115217381938, 0.651920759936, 0.0182247482211, 0.382064365876, 0.844196869005
0.529576469091, 0.430098637339, 0.138048767681, 0.00454711355742, 0.26805402681, 0.603253582809
0.214492231311, 0.121878743782, 0.725133198914, 0.370664622352, 0.891354280969, 0.337746392314
0.649534115941, 0.717182132632, 0.694593291478, 0.716804847225, 0.173243497967, 0.478653863169
0.105466774479, 0.472284689897, 0.354284431086, 0.473502625384, 0.0811794295237, 0.760528920077
0.903409145221, 0.612144099188, 0.176435950146, 0.643892419706, 0.308550665122, 0.769298324985
0.937043427275, 0.353436937286, 0.0441872576057, 0.0973344976426, 0.106336989916, 0.0147355471147
0.196979077568, 0.140935802062, 0.258566322519, 0.241598810114, 0.9907871651, 0.392464940511
0.559843682586, 0.888311069906, 0.230711253572, 0.656540583302, 0.375079797332, 0.464639428502
0.10249134758, 0.232015493021, 0.63132329035, 0.751752020879, 0.404446839122, 0.277366385709
0.529787260363, 0.46272851938, 0.167579603559, 0.963447377828, 0.541394987278, 0.539139187735
0.31638634794, 0.416684215533, 0.00858270920649, 0.922639454857, 0.455061560988, 0.215903203233
0.904686434781, 0.742700097361, 0.512017959439, 0.122101652302, 0.358376466006, 0.054836421716
0.254189824544, 0.0528220799143, 0.653052311703, 0.312390076791, 0.529776674265, 0.722830286606
0.765267766042, 0.886921041441, 0.49369377403, 0.092716650997, 0.490211596702, 0.867436254842
0.139117489854, 0.361957124739, 0.931189864279, 0.445138037088, 0.487183972687, 0.835249029093
0.186819627676, 0.0472255290052, 0.37907194307, 0.413610298895, 0.551164099701, 0.412047166352
0.353656468902, 0.681446364041, 0.335317607622, 0.607511023839, 0.845468573196, 0.701859628366
0.826272161624, 0.576769304867, 0.435528257266, 0.930496517378, 0.0335759724972, 0.850675961554
0.697079109956, 0.763255633222, 0.0332333338036, 0.377446926871, 0.0579960559835, 0.996389051858
0.590583764022, 0.974572348798, 0.444889120031, 0.162043247668, 0.195733300887, 0.788459260771
0.227369306088, 0.990795015496, 0.0103869100715, 0.899861232941, 0.680207844855, 0.14321465349
0.0987774249699, 0.163456198409, 0.313067688382, 0.896859957328, 0.0653879989345, 0.193115754613
0.457958041843, 0.930409305708, 0.152086367214, 0.887562588724, 0.195613696444, 0.0819160561436
0.787511392725, 0.235213787543, 0.547523622759, 0.530048985265, 0.828598969305, 0.961426901882
0.893783313747, 0.995095252135, 0.234990081676, 0.409281227432, 0.474334405106, 0.419367471624
0.46917451592, 0.533329934708, 0.408831222614, 0.600779053409, 0.358153744719, 0.367862614679
0.0522095431037, 0.719391890192, 0.532263327382, 0.0332056984422, 0.603433038973, 0.132479705069
0.520087143346, 0.496777572657, 0.542799867501, 0.833809751875, 0.936828202455, 0.340452796639
0.975893767102, 0.548403298627, 0.339534185111, 0.328904355777, 0.577250672276, 0.589411342553
0.303826015836, 0.671028443705, 0.949959733309, 0.341730549603, 0.901777243494, 0.845647034216
0.103527500617, 0.636029128796, 0.782524472932, 0.458071461212, 0.619428462216, 0.0436144139701
0.605005282, 0.662028202758, 0.501380717913, 0.735173245505, 0.178140333963, 0.496282082893
0.696738644698, 0.589751609832, 0.364329814982, 0.0812915955, 0.381239877249, 0.536720132234
0.0198880723636, 0.568143657865, 0.350659792884, 0.25830753799, 0.947857471231, 0.748658738263
0.266893373977, 0.298603906082, 0.203961953197, 0.794889615158, 0.862770860099, 0.50471809412
0.37276507039, 0.0742825972999, 0.680994962778, 0.288775391949, 0.0755244214379, 0.693117598742
0.212273952766, 0.101578684004, 0.135147682364, 0.093695128171, 0.595080412669, 0.334805653902
0.0703631820401, 0.654639025636, 0.720973458036, 0.121041218704, 0.422048129768, 0.278216267125
0.961874012494, 0.171496308685, 0.344568895914, 0.9321188895, 0.469313833179, 0.23268173924
0.745956662294, 0.380616462522, 0.734054219568, 0.367323479167, 0.180434683393, 0.505159211824
0.53737712762, 0.16620931781, 0.0749947175649, 0.928365157671, 0.713625562336, 0.334290951425
0.924904521915, 0.474821926265, 0.12832667844, 0.917135806998, 0.872853657327, 0.17985033316
0.665747998746, 0.371988279683, 0.554110761991, 0.316350276304, 0.451592138973, 0.724919395385
0.892899105342, 0.898080376948, 0.421418647372, 0.0182021427454, 0.964037536613, 0.528395748993
0.254933846364, 0.491011523797, 0.894256396452, 0.559403469806, 0.112412248536, 0.928297156491
0.237972308244, 0.600556113401, 0.270609759081, 0.714045738964, 0.341361273597, 0.374093226075
0.233706655022, 0.396660035684, 0.615420118399, 0.937770502454, 0.353399853586, 0.930168230474
0.892863645306, 0.208405336049, 0.543179171973, 0.66005385361, 0.100990142805, 0.044887446021
0.766515227829, 0.49285060528, 0.835385687204, 0.029093745725, 0.574764652474, 0.290046400107
0.484940286396, 0.0386887708064, 0.464983210315, 0.227643929624, 0.438676100019, 0.803232693292
0.0262537603448, 6.16059111161e-05, 0.261697719365, 0.652817154484, 0.166865500025, 0.164658050234
0.214100054407, 0.611381695796, 0.317844629059, 0.657787007283, 0.495878036117, 0.398903701558
0.934625899422, 0.0453744758413, 0.856822454799, 0.186813573852, 0.891247783955, 0.480987232702
0.259981275538, 0.464162623943, 0.92170422472, 0.927270289743, 0.139323085919, 0.138688338477
0.755004567939, 0.789255792448, 0.465222309201, 0.448227372432, 0.50145961685, 0.679881671082
0.875868970793, 0.0860711668711, 0.779805500105, 0.631542158935, 0.843139779352, 0.753236598131
0.00718346128736, 0.62673771652, 0.927832528995, 0.485289167433, 0.13097095981, 0.477399044773
0.154218882954, 0.757938618779, 0.799279051556, 0.0264278360136, 0.868636805038, 0.851195635065
0.0170752819811, 0.865743137512, 0.334700693971, 0.886903358329, 0.147388110738, 0.875722983653
0.124678944098, 0.0973285854887, 0.876047386356, 0.255303724345, 0.553388892039, 0.663561003657
0.340381914833, 0.0107538014006, 0.0228709895049, 0.665147202158, 0.119397075266, 0.583466828083
0.0850905750919, 0.933906503766, 0.703178425624, 0.894931266623, 0.321691617046, 0.0219336474578
0.889419531798, 0.00962863218452, 0.626354247644, 0.871181012316, 0.211034983576, 0.543298788812
0.276333791011, 0.739767061287, 0.612958510068, 0.397376900642, 0.800648611241, 0.708393451646
0.431345033765, 0.324819733928, 0.690068903722, 0.844445800145, 0.636030395461, 0.720893232481
0.0134480980126, 0.705249282946, 0.0470538212015, 0.240668653293, 0.228593792563, 0.277901488142
0.91781547413, 0.536647425259, 0.278523540795, 0.779937783808, 0.88737117977, 0.655473219105
0.0541088086001, 0.374094167798, 0.94658204038, 0.694344035739, 0.605044322484, 0.340742408042
0.546469722075, 0.475917807143, 0.905818514445, 0.131417504195, 0.505133970331, 0.778325739603
0.254589972675, 0.206874785887, 0.20072007706, 0.723078790251, 0.181418495199, 0.0217134815467
0.572599017209, 0.4553519836, 0.53019551631, 0.2549659944, 0.45245358571, 0.881261957073
0.949648667074, 0.685222853356, 0.939006656408, 0.236624072039, 0.428080378086, 0.0347421309525
0.682780154755, 0.333068127531, 0.000904816469583, 0.730695956983, 0.00766842055371, 0.148821178393
0.587398256629, 0.781326015073, 0.86409414172, 0.179327722281, 0.415149325441, 0.634900595256
0.784180378782, 0.179622409803, 0.846292266769, 0.452304826732, 0.879832654737, 0.0125108891296
0.31426084919, 0.118519836912, 0.0699614224148, 0.80779071809, 0.86622461782, 0.342941831712
0.216712418797, 0.136383184817, 0.928330837971, 0.525024311622, 0.169805795142, 0.554353817708
0.32983560701, 0.850414096162, 0.0400115014052, 0.0185644823104, 0.639934065632, 0.748412694579
0.510511564779, 0.803478654353, 0.676069186362, 0.208012303186, 0.373118136065, 0.852044579353
0.010681489635, 0.415959928012, 0.815752448583, 0.0232147682096, 0.867108088991, 0.222925952566
0.073642145458, 0.66715772994, 0.942405745271, 0.506951088366, 0.723297782203, 0.102166719141
0.463496405358, 0.363463681189, 0.620938192686, 0.60116401082, 0.885028659957, 0.047884811222
0.140020003806, 0.144446640463, 0.180888860745, 0.391735066171, 0.988467749666, 0.374814553791
0.558506398605, 0.642742962372, 0.736642794945, 0.452640542683, 0.466973600147, 0.425563762817
0.293557352887, 0.576401014369, 0.25176865557, 0.0734169846364, 0.757521094643, 0.662495016386
0.129683912718, 0.600274037483, 0.65482831924, 0.45599097114, 0.553078563133, 0.428032589047
0.933043607516, 0.383213425619, 0.450904631364, 0.00517307717751, 0.798694492679, 0.243911076754
0.760798953348, 0.762091052747, 0.972244105923, 0.119108399136, 0.0302822369583, 0.0913042871733
0.873263887222, 0.668421835032, 0.107529362104, 0.00518006012589, 0.388448847903, 0.094590337413
0.250462017753, 0.572389509792, 0.968212716394, 0.914158156983, 0.328200014453, 0.634721529434
0.989179398233, 0.104060363443, 0.434168697287, 0.211908390957, 0.766823053738, 0.432211612186
0.740667924898, 0.648494662537, 0.640387232839, 0.864577947468, 0.812349250016, 0.0619633974688
0.48982636047, 0.822606930771, 0.791046758796, 0.955235757143, 0.843872913728, 0.740178615559
0.339995784781, 0.702772915982, 0.487072234214, 0.0756114476659, 0.434670598546, 0.587943210641
0.564758147876, 0.700113059289, 0.721881734414, 0.856492729004, 0.611905692539, 0.694915555743
0.860733306695, 0.183780717738, 0.64550719363, 0.0385157909262, 0.750613492074, 0.437028335183
0.813975126362, 0.338339993397, 0.461111313957, 0.759216210196, 0.995128374926, 0.159520185403
0.295976785523, 0.295781057665, 0.947450412583, 0.142531117605, 0.346764372685, 0.190502807547
0.405817499909, 0.664608321969, 0.010356641864, 0.740346680486, 0.598721955932, 0.413216220314
0.145001932104, 0.12334775553, 0.509981404022, 0.112532596209, 0.387290454226, 0.258355536412
0.918453086763, 0.740335186281, 0.922072760849, 0.703652892086, 0.64069004037, 0.235460592358
0.167252449263, 0.641072270252, 0.700534055094, 0.0441554161955, 0.70894588646, 0.931695037708
0.3138783561, 0.177913382574, 0.763742995605, 0.720801479632, 0.391367287149, 0.153284790201
0.83009035443, 0.566446072451, 0.184833426012, 0.193392400273, 0.725364227611, 0.426110299819
0.730800715288, 0.544451144286, 0.330643523611, 0.704271101118, 0.0540023427075, 0.421432194612
0.218878883657, 0.927073595798, 0.198417795943, 0.450747573698, 0.146859885711, 0.985260300134
0.990937522908, 0.739751042476, 0.0509253059523, 0.650096959267, 0.704971345082, 0.946895803459
0.34906035916, 0.995946028952, 0.234516631715, 0.681432308044, 0.715967310589, 0.0617793741576
0.300345480297, 0.783509238569, 0.737896127936, 0.427299034885, 0.205840688141, 0.809950311253
0.551391109517, 0.466543790196, 0.184011042188, 0.737262390852, 0.971356724133, 0.959699783579
0.458961035603, 0.561087632777, 0.312375857465, 0.379581481222, 0.0161183673676, 0.826489946157
0.00902200936914, 0.27859659362, 0.566044744067, 0.771221932192, 0.546885587497, 0.732161954431
0.976312061892, 0.948738411979, 0.241005731771, 0.383791480771, 0.924507448885, 0.67627341937
0.164677390372, 0.603639157314, 0.048598301657, 0.0306110505048, 0.560434475885, 0.591272526755
0.481127335818, 0.132647938446, 0.370156896214, 0.600623534765, 0.469014997853, 0.709098900766
0.889625941796, 0.590926567086, 0.81755876358, 0.580368335179, 0.808052072957, 0.51168907402
0.186962755368, 0.102244264804, 0.71101099588, 0.302366315976, 0.325087087739, 0.266089077648
0.654265859146, 0.624349584319, 0.380130340109, 0.681648105329, 0.000574405327152, 0.626507544655
0.167650515407, 0.541172853253, 0.128838955217, 0.45173529097, 0.622209141279, 0.942829586171
0.317288120148, 0.930696718388, 0.166959598771, 0.383251847825, 0.827196660901, 0.256268232199
0.181921228466, 0.549881115864, 0.338067470585, 0.845723578393, 0.359878637941, 0.478764767177
0.573857636552, 0.359498165796, 0.724349181728, 0.198913873362, 0.281666680737, 0.276611134222
0.106796527217, 0.939788312367, 0.0513375484895, 0.94251662783, 0.298358686089, 0.694268452195
0.0782778418851, 0.680196494363, 0.537460712411, 0.11240926362, 0.335076589607, 0.890407932558
0.960479859975, 0.813097842551, 0.691454137865, 0.863954757744, 0.464703223015, 0.0532006806547
0.830236843686, 0.340248703375, 0.648231293532, 0.65108706843, 0.0998642584744, 0.172652088574
0.958334050312, 0.831550481734, 0.097597972244, 0.87650190127, 0.474473649196, 0.536181713843
0.162254392532, 0.332474937394, 0.744156154985, 0.942455349587, 0.833063087101, 0.00475359534594
0.398510104932, 0.368560776863, 0.00983131883831, 0.804773717538, 0.814176892648, 0.955860771626
0.548739863994, 0.191490384747, 0.0570820203417, 0.511897592858, 0.71604147785, 0.63560142258
0.198290127864, 0.928921885257, 0.826314271603, 0.79858397055, 0.253279385639, 0.987762642158
0.0883695436078, 0.164984657321, 0.821706206587, 0.452303356215, 0.558568060876, 0.221161490931
0.359064720771, 0.387626147162, 0.906277598135, 0.798014754026, 0.666497537193, 0.23130959892
0.69056790949, 0.251075229976, 0.188180756387, 0.218638013927, 0.979048295231, 0.569336129995
0.263713912271, 0.128452885815, 0.254426879013, 0.285701554304, 0.524978067528, 0.551508647609
0.751426931492, 0.180586845174, 0.351561731204, 0.300742527907, 0.455025096004, 0.506107914965
0.402153795926, 0.48768316262, 0.676935329405, 0.87747541964, 0.732046826533, 0.468548657681
0.426713245787, 0.550740127755, 0.458445922692, 0.960910510958, 0.668074857828, 0.975061427191
0.308132011929, 0.641130294904, 0.528845721668, 0.473546678076, 0.499235755039, 0.109789254106
0.612538512024, 0.00931544808163, 0.295506406466, 0.733125481783, 0.0685800416627, 0.864591429875
0.893482542378, 0.841659069093, 0.0829938365417, 0.521863658631, 0.841163129326, 0.987717295255
0.672402293018, 0.0382974783181, 0.927713673046, 0.641882149093, 0.594511908202, 0.615902212767
0.776888518557, 0.883916501254, 0.136016170594, 0.643852611563, 0.970547908516, 0.0836784156236
0.95100668947, 0.148887618305, 0.599974615604, 0.739735071148, 0.740170736964, 0.761043502696
0.595609899195, 0.0159808682007, 0.0392059773738, 0.198782138563, 0.7908135933, 0.781392660644
0.14234698535, 0.0845922294192, 0.026835652026, 0.836919963766, 0.68409408706, 0.254111411818
0.406548005748, 0.44809308975, 0.807187690019, 0.315133121632, 0.0944215592217, 0.776026266658
0.297958539671, 0.275849725327, 0.238276997015, 0.110785619541, 0.051684055216, 0.570762987213
0.364016519277, 0.655243730907, 0.0447159726091, 0.365506454228, 0.62303797063, 0.85944531565
0.581382033869, 0.161954380183, 0.000366385021222, 0.0412067315109, 0.669628469463, 0.705151587929
0.695280521174, 0.630603769925, 0.925310834379, 0.353114775967, 0.928625368788, 0.120978693535
0.110801345708, 0.413984117815, 0.820519356834, 0.222120283653, 0.527298665817, 0.88273364415
0.0719333053976, 0.568764259774, 0.746311715517, 0.675644891784, 0.695809892842, 0.305609016464
0.89570731141, 0.962853720759, 0.882560406161, 0.898762270992, 0.496137327386, 0.620503321525
0.637123117414, 0.584121238292, 0.626111792589, 0.772128558608, 0.396617214379, 0.365113524206
0.255558140959, 0.398704004207, 0.416929589597, 0.395939608619, 0.695212922907, 0.136822507687
0.575052459207, 0.330065870664, 0.389933603642, 0.084519786369, 0.731730747984, 0.611044786825
0.219600984129, 0.766580007025, 0.340963379935, 0.182811505937, 0.91924206609, 0.579832722278
0.933624180996, 0.687169113184, 0.936494767987, 0.890027002318, 0.603260086274, 0.184083879453
0.724359272959, 0.203941935649, 0.204932460323, 0.352905561295, 0.347620586038, 0.421346990515
0.845981747544, 0.39467561211, 0.594335723324, 0.29620965154, 0.135811491427, 0.2408366945
0.0653327336258, 0.388698879722, 0.315192087277, 0.957753462212, 0.589704757402, 0.197008709512
0.890765471259, 0.42946519437, 0.984663045206, 0.992038580654, 0.468731532771, 0.606812493619
0.918610726217, 0.730729120472, 0.585625400296, 0.969512048228, 0.777749669562, 0.829417966093
0.0241160135945, 0.85346529762, 0.437855957002, 0.962644462816, 0.389915581621, 0.659800036074
0.121938634246, 0.820975188958, 0.168994419006, 0.233850494174, 0.0061890333667, 0.713696151876
0.143104187123, 0.974812086412, 0.328588492961, 0.133064999043, 0.260117260533, 0.395159693925
0.480611260907, 0.732191726828, 0.27388791101, 0.726042568154, 0.700806895907, 0.0209216319807
0.361902343225, 0.398214867982, 0.213625641029, 0.381958434757, 0.284251005736, 0.447107503889
0.874245419119, 0.79118591686, 0.470778882441, 0.711350392401, 0.460592667053, 0.883879440659
0.852736509492, 0.539242338789, 0.609526317013, 0.461671614574, 0.294586871996, 0.797643121647
0.940093606913, 0.981001805443, 0.333569411186, 0.63757579427, 0.351430549457, 0.61462225076
0.0372186844764, 0.876912019122, 0.275552220956, 0.914832446577, 0.100716580763, 0.304386971611
0.319284159137, 0.815208933219, 0.123238259925, 0.0959664546879, 0.885177961105, 0.489379321807
0.374201247361, 0.61923024433, 0.770575635348, 0.597963025263, 0.888194147433, 0.679366363489
0.272305668411, 0.14419181953, 0.841411496991, 0.792855816822, 0.285529555957, 0.180168842526
0.605796773545, 0.772109370049, 0.341788935642, 0.27829092425, 0.89501762079, 0.584932470023
0.0429346319525, 0.955496837379, 0.603791751421, 0.826909454045, 0.008739571401, 0.823154827437
0.0162995270257, 0.613915486778, 0.319850829468, 0.741635293845, 0.729826005392, 0.447569164274
0.0834129908729, 0.275546941395, 0.724257686595, 0.0665233158959, 0.219950906569, 0.784682540251
0.755292822021, 0.692386862578, 0.391037210222, 0.100169303152, 0.650403953296, 0.711737288399
0.993308234696, 0.0753257424109, 0.617606337521, 0.215801846428, 0.850888800248, 0.606759108957
0.826997177924, 0.332597368538, 0.717152344146, 0.510969706262, 0.139898151609, 0.735419381453
0.289674672504, 0.525785141216, 0.0752925698803, 0.000420261095607, 0.0668005536115, 0.381088670199
0.0761957591152, 0.400021066051, 0.270751761866, 0.405415970142, 0.658005955382, 0.971062084725
0.655030930464, 0.913497366583, 0.217938097098, 0.758056790327, 0.0643037083013, 0.0165898017031
0.494898843904, 0.438853008811, 0.331535300518, 0.0267501103907, 0.668071343545, 0.420415510636
0.214332351106, 0.411585653417, 0.902422995204, 0.469177639449, 0.727130205185, 0.931878323286
0.351543994087, 0.94676652975, 0.600273150294, 0.379099514106, 0.757130608827, 0.911780294424
0.628563602497, 0.736978840921, 0.901168829356, 0.622177026633, 0.737135307951, 0.852274060908
0.865697452318, 0.735821210306, 0.608849000923, 0.765747637913, 0.0653001385974, 0.703762028731
0.054340224173, 0.98798915413, 0.413274736708, 0.697228312407, 0.870958670202, 0.0392721170735
0.239878485199, 0.835492408245, 0.235755931716, 0.979535529309, 0.0433512122538, 0.490635727062
0.996143642379, 0.86583601943, 0.871946674042, 0.572029283822, 0.17794582536, 0.916917635547
0.04415964754, 0.808916121363, 0.147230538903, 0.848927421437, 0.698278558394, 0.160858702073
0.419854434462, 0.852605654246, 0.620611269756, 0.908118584501, 0.171859569291, 0.267643103245
0.768029441781, 0.00306188830051, 0.0354419261374, 0.301790293605, 0.446309428799, 0.448514720796
0.21743292668, 0.653033395842, 0.227439889606, 0.165699753905, 0.238638555835, 0.953776034228
0.464710640098, 0.0350045304351, 0.141283883101, 0.947366197862, 0.226018298997, 0.192270333224
0.594290322935, 0.135480749005, 0.311498945339, 0.318344336604, 0.751275389502, 0.392313686845
0.280352089484, 0.722823064021, 0.352045415323, 0.747467964793, 0.400180549747, 0.574181947835
0.893686234951, 0.455558336027, 0.419470637462, 0.168954131856, 0.859792122939, 0.157357994202
0.109866665671, 0.897354344714, 0.388655308854, 0.482607831671, 0.777921418862, 0.763012636124
0.212501054472, 0.199011961052, 0.404023775698, 0.783079683461, 0.538756056946, 0.86582787375
0.593356873849, 0.0360799687135, 0.364138304311, 0.208709754436, 0.0144065895832, 0.276426001557
0.859946448125, 0.277478082004, 0.976438051259, 0.482494228442, 0.203757122821, 0.331355954034
0.418306215484, 0.390996268737, 0.744852412344, 0.544291635989, 0.204728659647, 0.791094690962
0.148390976275, 0.126109105581, 0.083093757221, 0.572210164512, 0.966263527738, 0.375079192969
0.798532043585, 0.66420693965, 0.886382470401, 0.204038562667, 0.728682722839, 0.74421196964
0.697281301055, 0.259681643622, 0.0442358590429, 0.968976706827, 0.485017115084, 0.891796894469
0.860688318966, 0.886324731327, 0.800900148187, 0.883337179781, 0.683994710532, 0.469273511729
0.416812169817, 0.753058248796, 0.682235620515, 0.329145310859, 0.204438069574, 0.176951985006
0.114302118178, 0.621742720675, 0.39284372737, 0.743291308422, 0.449683734164, 0.875908135348
0.436673878935, 0.428440795055, 0.974727904385, 0.312890882115, 0.331789752179, 0.513442423713
0.688967797716, 0.0145434418489, 0.0388451915702, 0.0062704556633, 0.930398732419, 0.209618802673
0.860915655451, 0.688089236978, 0.0968751498786, 0.848816526271, 0.971613068929, 0.797033383174
0.184498263578, 0.635668733582, 0.592206743294, 0.603664919723, 0.59557904694, 0.338445154642
0.455695905572, 0.443342599742, 0.548295405487, 0.848712158602, 0.401229681803, 0.595608460245
0.406386726873, 0.15270144941, 0.0691934669954, 0.0307028897709, 0.232879323866, 0.378908182902
0.0176268097227, 0.290362062943, 0.474698235942, 0.524123172647, 0.162909960228, 0.989124045666
0.708073094678, 0.364644534776, 0.414827433499, 0.172968110389, 0.383613809782, 0.27397754921
0.629817995826, 0.298352931705, 0.821509426567, 0.285807154641, 0.581352268679, 0.143033380698
0.730951660369, 0.705500626635, 0.755158388718, 0.181573917423, 0.712380065685, 0.0682983487255
0.382570040615, 0.514103562424, 0.582738908968, 0.358027403223, 0.904749774681, 0.613805745607
0.143415555015, 0.959299987626, 0.431748850404, 0.458375035654, 0.96298546639, 0.7699629619
0.958023352933, 0.361830868296, 0.935683691187, 0.635057722306, 0.404133485833, 0.725355738483
0.308448916051, 0.37624259192, 0.916995547488, 0.443763629843, 0.507543070978, 0.558400097931
0.285118740308, 0.700040785001, 0.351725343296, 0.0807719223694, 0.61765670846, 0.29985730087
0.967820980302, 0.401736827326, 0.895130714594, 0.744594946291, 0.189487373903, 0.582836881418
0.479196478133, 0.954181240612, 0.886752829986, 0.64618070692, 0.842871856521, 0.942970677011
0.28309060461, 0.625216779357, 0.717846560376, 0.0317692204118, 0.177983382977, 0.975061834386
0.86336487581, 0.168045342178, 0.620994567528, 0.47826300218, 0.365628289442, 0.628456336148
0.360316037687, 0.594945448377, 0.760775393797, 0.902538309952, 0.371494971385, 0.0942307086543
0.357342079612, 0.28577247798, 0.914345161715, 0.379320920445, 0.73702352173, 0.0945276716625
0.163311833938, 0.171331745583, 0.0702182961313, 0.642681499785, 0.452175786423, 0.171871151359
0.413239295299, 0.122539908055, 0.718302199525, 0.789040151127, 0.423451677207, 0.604210354076
0.115308679924, 0.0066612542327, 0.185796080246, 0.218626794821, 0.76611875825, 0.35295275881
0.682613311013, 0.8875152291, 0.621492030662, 0.997542736818, 0.336004466761, 0.944433868678
0.816028504776, 0.759290308945, 0.940959223157, 0.345937227669, 0.325661748778, 0.65896496056
0.778383679078, 0.0155462561858, 0.300805838989, 0.693256374681, 0.47089041, 0.987555167131
0.364572178529, 0.23423440063, 0.229837702232, 0.940805252896, 0.338475694714, 0.105036959761
0.131229012723, 0.562809776798, 0.545012994386, 0.243490886443, 0.378001595474, 0.123964470752
0.357437581975, 0.109186595426, 0.376778059555, 0.343364751185, 0.0918735687647, 0.766493302804
0.298135651612, 0.107409373793, 0.244071383796, 0.369921201422, 0.388467570698, 0.411676034333
0.535873981239, 0.681697106164, 0.962643145551, 0.957209861386, 0.997939086046, 0.138240891999
0.266301464534, 0.781794632855, 0.829671654235, 0.682757704744, 0.0315417032618, 0.902271434624
0.322373499049, 0.372164358664, 0.900505273144, 0.0123288954944, 0.51692253008, 0.771969094068
0.0512190055172, 0.575371215491, 0.360201509556, 0.761734511011, 0.485626483122, 0.773566387874
0.8194454121, 0.673879485711, 0.285747808825, 0.811439206481, 0.998603287467, 0.46862875846
0.314193671494, 0.000787886013077, 0.00640898867611, 0.0705169872643, 0.470420264043, 0.340053973287
0.0786584844199, 0.436611677618, 0.0420838691421, 0.722828548715, 0.839187531643, 0.822645456477
0.342686147921, 0.50751432133, 0.450048209039, 0.323058242263, 0.742261882838, 0.201241717988
0.150128579784, 0.105822692763, 0.924047624351, 0.0936384995232, 0.254553954698, 0.419000049888
0.263940388363, 0.841673313484, 0.553920004721, 0.713658497599, 0.224905147753, 0.0947796186353
0.734167939052, 0.235136653685, 0.294156572976, 0.230475245905, 0.7942645985, 0.911892272456
0.0497981631582, 0.230931969057, 0.874931957844, 0.0953394312022, 0.892558802704, 0.109099002574
0.537287322603, 0.171674976525, 0.775045076764, 0.361360145368, 0.588883271102, 0.183631668825
0.488381244084, 0.191609458742, 0.922434477518, 0.829012730082, 0.974085068765, 0.765406196224
0.949288531246, 0.091134593855, 0.997159696854, 0.845989762275, 0.794912275946, 0.0111876948903
0.619089990688, 0.872167078863, 0.328765385398, 0.69993394957, 0.225452028509, 0.567067128895
0.368240366959, 0.770243714247, 0.613106140509, 0.5084377178, 0.330953022962, 0.304602019394
0.416043557045, 0.539512081046, 0.982192786417, 0.787566864395, 0.40278037056, 0.755378593888
0.701877267834, 0.541412200495, 0.493494801002, 0.151890743773, 0.00896448907964, 0.60550226556
0.55740337956, 0.36364551215, 0.269410440588, 0.405706655995, 0.643920092272, 0.140329333238
0.942574115713, 0.269001177344, 0.997098229192, 0.632236362833, 0.209356642422, 0.870107575284
0.0330968113817, 0.256636516373, 0.319719614998, 0.466848271729, 0.154833770617, 0.657741889039
0.716919506053, 0.171524257848, 0.0888089254912, 0.356983680374, 0.931775123223, 0.499969658527
0.45590348921, 0.277370172311, 0.989948075012, 0.32100945498, 0.684389631982, 0.824319358475
0.848088325494, 0.814762293191, 0.568557757882, 0.560167269451, 0.637990234141, 0.218747632579
0.571592759113, 0.195569397727, 0.0511899864346, 0.910595781463, 0.79851097179, 0.575619723784
0.620893278545, 0.753501102713, 0.187082201923, 0.60638295325, 0.786375098173, 0.880225717505
0.609740984316, 0.97340005872, 0.963957734328, 0.0946420408689, 0.0825753154639, 0.299822657745
0.0783910149261, 0.293293876811, 0.581414077896, 0.375156128218, 0.68023154323, 0.193153114463
0.745933434317, 0.131807403117, 0.0600688451061, 0.436367445222, 0.303147329307, 0.573010806345
0.56574424943, 0.878441666961, 0.937443980853, 0.0555529581262, 0.406509809633, 0.434274978126
0.667920773928, 0.224496067561, 0.0813950056341, 0.245928912709, 0.349009714161, 0.504439259685
0.811585428357, 0.586919448184, 0.458203602152, 0.0170500320574, 0.580225207206, 0.999502152766
0.335871475344, 0.50634161156, 0.884245677247, 0.113102271208, 0.886208865992, 0.706768150292
0.220500465364, 0.921647633701, 0.22038609843, 0.667027212342, 0.461597947037, 0.713377725565
0.670757131925, 0.627819414547, 0.851958868605, 0.119104733317, 0.883596659303, 0.348222546258
0.759402793865, 0.316671250926, 0.0564820578608, 0.335421825533, 0.596357704688, 0.542378569191
0.162623123164, 0.430571864769, 0.638333297779, 0.0169176325509, 0.239475555004, 0.814896803763
0.129640900266, 0.0453114996774, 0.597271859676, 0.502236155843, 0.613999481993, 0.784954266507
0.265450251563, 0.628256063854, 0.754773376175, 0.225321386112, 0.094879967198, 0.542278768931
0.594082610268, 0.68717597936, 0.766615049071, 0.657564443035, 0.16157348998, 0.957982276995
0.860681637788, 0.0388933833944, 0.00172474383503, 0.164396745969, 0.377616638051, 0.357870007591
0.665539292924, 0.461060174206, 0.10817316585, 0.860690191999, 0.132889007666, 0.612659604049
0.912116190742, 0.650096196608, 0.673136850032, 0.882758349303, 0.906889026441, 0.943884374955
0.308574123977, 0.881691825972, 0.433485106792, 0.716318760609, 0.456705971257, 0.767729685643
0.988803956793, 0.529370014791, 0.880295417123, 0.604657543928, 0.446003064803, 0.794139994896
0.396913095916, 0.510505215094, 0.919575195069, 0.470319193038, 0.203652120179, 0.0715144126387
0.115592314367, 0.669337726802, 0.777973867051, 0.281402075878, 0.889792377932, 0.999402110028
0.685586044675, 0.592076521481, 0.0521522548592, 0.529048213957, 0.59214543503, 0.390132422977
0.920480386716, 0.425909679698, 0.355580188755, 0.259467510953, 0.680788904319, 0.159814511186
0.980547952803, 0.827646999902, 0.881704425509, 0.975477954281, 0.107804258388, 0.210422962199
0.0311531318023, 0.7168917163, 0.965397718619, 0.0700153622937, 0.0683276572672, 0.998683431239
0.947629500687, 0.372040889105, 0.532927218051, 0.318907815308, 0.844707916157, 0.337262481749
0.667099594175, 0.417846880334, 0.19597254353, 0.608432663149, 0.750889353978, 0.873683234108
0.783556897858, 0.807219222226, 0.0497212617857, 0.534571876793, 0.589687828327, 0.315448111398
0.297153780343, 0.407029221943, 0.0165992254528, 0.853345225544, 0.164510626234, 0.320938064095
0.767174247384, 0.260312414122, 0.873362137471, 0.776314116765, 0.520036533342, 0.334238900998
0.785711671656, 0.959693912121, 0.123495525295, 0.93965125931, 0.909759823852, 0.889072431108
0.578409983622, 0.764809711011, 0.256556763171, 0.65303584333, 0.78343068108, 0.105877200806
0.636302262897, 0.610943553603, 0.0816398073207, 0.0288407553288, 0.44699155209, 0.233858398688
0.774475482673, 0.736827703705, 0.826677339631, 0.361243203356, 0.082056832848, 0.522187916274
0.0558317789637, 0.964109518129, 0.0449911675255, 0.916404323166, 0.420064016359, 0.904019559395
0.408591509245, 0.980155759313, 0.0442427722636, 0.260579180051, 0.948555026569, 0.582697797593
0.506498776453, 0.393357510957, 0.0329934834543, 0.0672133009655, 0.233512896412, 0.869988081186
0.483241166895, 0.240345193705, 0.112493407232, 0.216156854587, 0.342639081047, 0.307397516243
0.259467345334, 0.98687897032, 0.53469737046, 0.238463877926, 0.364499050198, 0.739580132791
0.410218149943, 0.617450138523, 0.330163146384, 0.201854976357, 0.0716160963861, 0.470377668482
0.824859176743, 0.742732486895, 0.929949672694, 0.993777357988, 0.741181876792, 0.280243064196
0.198077171828, 0.175920161122, 0.330502913579, 0.625298908119, 0.9376332057, 0.542218738132
0.506376946403, 0.387565862887, 0.423868161302, 0.872128246129, 0.643323608604, 0.227663389709
0.181372283886, 0.314471635924, 0.887780916327, 0.938361792546, 0.42107601757, 0.173277111263
0.00433286765791, 0.811384141584, 0.972939883082, 0.343375527384, 0.206447770851, 0.989077262122
0.850501947372, 0.887807114351, 0.736706412047, 0.43123792, 0.396647695043, 0.719735164884
0.614026194018, 0.533875178016, 0.605334509714, 0.991816321407, 0.919069120701, 0.999026510471
0.0686396472599, 0.152522687588, 0.270919850852, 0.460643292259, 0.0567373492618, 0.207813922757
0.453556755338, 0.0244347524304, 0.881154532226, 0.252485728042, 0.526142682312, 0.00559071022108
0.268506634052, 0.724795681202, 0.278257248795, 0.515978556675, 0.993519320769, 0.548728153728
0.566907872484, 0.972264404766, 0.656873453636, 0.687337475127, 0.460103681732, 0.55918410231
0.467520083234, 0.756982749303, 0.117920100735, 0.855071019498, 0.0895797044244, 0.689547302409
0.216438235194, 0.411006409668, 0.124771157719, 0.00580596361755, 0.318665650128, 0.919252121075
0.496879719439, 0.874172355591, 0.915043657867, 0.259558208401, 0.222567325021, 0.981301179608
0.129599071993, 0.0753823811915, 0.110537335489, 0.746696734739, 0.341212050521, 0.236530563071
0.726970596336, 0.630527954183, 0.588669311933, 0.497307162164, 0.664325077165, 0.24846941908
0.434908277125, 0.721394324641, 0.0666581078044, 0.794552258934, 0.626270697453, 0.527572685634
0.3451257627, 0.251593545168, 0.532095342369, 0.55578142233, 0.492145582886, 0.168509975092
0.646702671147, 0.95700344706, 0.211058303928, 0.604697287886, 0.0592310536744, 0.31875786427
0.457690131906, 0.510520512579, 0.697264576434, 0.701089608807, 0.161624064615, 0.233525366818
0.960693226213, 0.439703695584, 0.983705302893, 0.361926874065, 0.518882736138, 0.38253127254
0.556879419152, 0.899530956517, 0.826466316088, 0.687754135386, 0.300422136396, 0.985759389262
0.502406106071, 0.121180883873, 0.935251356562, 0.314711216749, 0.661962142417, 0.397233856713
0.0212759807256, 0.762783807829, 0.401390063236, 0.716721047675, 0.756549913527, 0.845842215757
0.136581892303, 0.414932407806, 0.0990947095415, 0.0761223122624, 0.885293234852, 0.495561744925
0.479607839797, 0.0129320255653, 0.138636772162, 0.708748073583, 0.826727036306, 0.487102383869
0.553077392008, 0.518616559723, 0.0578557131094, 0.47169108762, 0.0865599896088, 0.751780312135
0.23843182407, 0.050547242677, 0.515855810011, 0.414734127302, 0.218480022178, 0.61115986212
0.489063833111, 0.20250060084, 0.722634862681, 0.317473659348, 0.289238786994, 0.289645617395
0.289509292295, 0.297456783906, 0.558271699009, 0.164612133985, 0.512790255339, 0.0219524704175
0.364593004932, 0.80254700636, 0.241247667445, 0.737700012962, 0.795460995073, 0.314070520857
0.257301067207, 0.850743569022, 0.75944526555, 0.443981238664, 0.971320045314, 0.493383851874
0.884304371009, 0.709947421422, 0.444240612262, 0.120900008525, 0.0313673199857, 0.916492000941
0.2778377791, 0.456872800145, 0.971543214598, 0.58825801325, 0.795403724093, 0.807361300345
0.0544030868293, 0.685055222449, 0.596002537375, 0.706712619795, 0.476901192842, 0.449824961588
0.535245877351, 0.909466802628, 0.622631764797, 0.411360318646, 0.0231817822784, 0.897162770092
0.762116074775, 0.685969731525, 0.4018550737, 0.657075744387, 0.847834710898, 0.659418303103
0.665054931729, 0.943161339217, 0.884071965225, 0.678588447097, 0.43999647329, 0.401993151059
0.172576134097, 0.919215534848, 0.727976409317, 0.242476577334, 0.578845114516, 0.468824909897
0.450500584201, 0.618118600249, 0.670619802966, 0.0942094826234, 0.549467452318, 0.353381980314
0.984413481892, 0.0208941959937, 0.134111425749, 0.147662975552, 0.968019470427, 0.439245949588
0.390070426836, 0.341042573722, 0.853164069315, 0.801082796046, 0.796495336553, 0.154172089197
0.944074737924, 0.481769237128, 0.945442593731, 0.489145153722, 0.19795570576, 0.366647793584
0.536253394338, 0.435539027673, 0.92851213022, 0.365211927569, 0.319611648714, 0.999824881549
0.997571283235, 0.663660771205, 0.377359742962, 0.70613424619, 0.846153911075, 0.621048443383
0.434070458267, 0.339055260329, 0.0748419363992, 0.536250644403, 0.894672947309, 0.524300443005
0.778069682847, 0.888049155218, 0.331523177807, 0.125601687385, 0.313035984032, 0.763338537363
0.810890626006, 0.128234183198, 0.814009349171, 0.699404711501, 0.0596028785842, 0.412008183047
0.522534904085, 0.46812577034, 0.749855165879, 0.752201284417, 0.166240009041, 0.73035784165
0.950544694117, 0.321511271177, 0.240788257026, 0.710541106178, 0.345258572534, 0.828479439309
0.679864790252, 0.500270967071, 0.624088564069, 0.573250989167, 0.839008202073, 0.15920184512
0.695255143702, 0.947965877577, 0.50429445792, 0.60284495008, 0.283179202975, 0.872988989958
0.980307444675, 0.957777858973, 0.75115109492, 0.106368221278, 0.373230946252, 0.490204949757
0.147592323038, 0.441796609122, 0.285700500331, 0.0274583893361, 0.496059233743, 0.316846557178
0.844951709815, 0.691422987727, 0.315309336849, 0.237553995445, 0.0999369922072, 0.747258886154
0.351003455922, 0.280131169258, 0.231205767443, 0.926065593991, 0.631803507771, 0.6692689439
0.565868657677, 0.0274568905528, 0.499363086343, 0.139811433279, 0.733368783013, 0.586214886937
0.432233367257, 0.338110091399, 0.141700367497, 0.271559210366, 0.194759838619, 0.491468267092
0.389519842662, 0.977048802111, 0.924293671246, 0.347118507307, 0.814800849224, 0.852842432113
0.266536886929, 0.295511813078, 0.151787535047, 0.275491101334, 0.826540163215, 0.578279898347
0.281976695889, 0.976977002029, 0.414123956284, 0.417593263426, 0.0788679870577, 0.352074994697
0.175261500173, 0.966828377823, 0.808666323618, 0.408830797698, 0.635947031159, 0.622220513872
0.110533791798, 0.965511557471, 0.499880273591, 0.612164895243, 0.45285101768, 0.223250863742
0.344677600986, 0.579734485601, 0.310749248148, 0.670305073035, 0.864384364517, 0.325919452139
0.0291916117313, 0.534536580637, 0.352617721592, 0.941025973969, 0.209424189202, 0.760070452907
0.101062502296, 0.0279762362952, 0.862177724991, 0.413759290656, 0.987818736047, 0.291027324082
0.889311293055, 0.263867689432, 0.0243570698446, 0.391507184588, 0.147217490047, 0.0555718662046
0.749023421429, 0.572324925622, 0.128818311928, 0.671924328322, 0.0132537201538, 0.0232927825588
0.910378822353, 0.309745567502, 0.188373929885, 0.0937053774237, 0.501181753581, 0.552327144562
0.0537474473089, 0.745284028352, 0.309033227505, 0.434169714704, 0.359190938723, 0.413079325827
0.643023987792, 0.951901306862, 0.13635694524, 0.078247622724, 0.362876450403, 0.0602039035271
0.427113601455, 0.0849255749843, 0.545221070053, 0.817711933723, 0.386824941547, 0.349993960589
0.846305560923, 0.28756117259, 0.195806077391, 0.912282602334, 0.159434188074, 0.955850190614
0.13497448513, 0.484428409267, 0.923580901174, 0.652567173897, 0.0610294171076, 0.473519132298
0.429914735225, 0.23709647097, 0.916965139178, 0.608683779375, 0.96412496674, 0.705734722746
0.960920695974, 0.974283994852, 0.917301180938, 0.247402471619, 0.919281015082, 0.625318667098
0.869701235352, 0.868629764413, 0.676910337947, 0.845034844241, 0.348819782007, 0.777779576771
0.887198767403, 0.94865608103, 0.415562527098, 0.822842061068, 0.283362870731, 0.634276880973
0.0233865600834, 0.575967330108, 0.337395456085, 0.351390406173, 0.389899578381, 0.263713968418
0.162178345011, 0.939933556861, 0.680425163607, 0.678963284016, 0.0958224353715, 0.358609764778
0.782820008042, 0.923090503946, 0.527655152514, 0.327580965313, 0.307689636778, 0.876797495623
0.442139598943, 0.460788415153, 0.86251872183, 0.90106756169, 0.659507013511, 0.303172898401
0.60450453891, 0.711170447668, 0.0340338191625, 0.0563910986832, 0.51182098267, 0.887146523693
0.42760143219, 0.0668039500104, 0.611164105768, 0.193233852154, 0.74765304968, 0.592515505072
0.0241272830317, 0.229720609892, 0.678203229785, 0.182703485757, 0.105223878387, 0.922015707301
0.160391267182, 0.123876767296, 0.79859315171, 0.199051259667, 0.790113346824, 0.535240072017
0.555524843961, 0.617173997352, 0.454062352006, 0.685010494157, 0.578541519114, 0.201721338236
0.655811875497, 0.811477638882, 0.0338443219973, 0.0450342562423, 0.900615595669, 0.315266266369
0.664838402688, 0.734204436287, 0.906713556604, 0.568559043068, 0.783691333817, 0.291452446823
0.368477591568, 0.804886967535, 0.380403169279, 0.861709049888, 0.944996674453, 0.344430222384
0.552222165481, 0.991763586139, 0.0315925692189, 0.978755056865, 0.70216007429, 0.796851455177
0.812959558656, 0.634048383165, 0.910512043366, 0.571337393389, 0.590273817457, 0.838800070992
0.484442438128, 0.851613210592, 0.537423722027, 0.719330310041, 0.861956591151, 0.247015340967
0.486833348082, 0.90485419954, 0.109366425631, 0.393374941211, 0.699379623417, 0.221427330271
0.681357786607, 0.470047949854, 0.618330671693, 0.217234560086, 0.936826829669, 0.0967290974699
0.228909517894, 0.955141395614, 0.880764975331, 0.754193808115, 0.46241191865, 0.778371611846
0.929629862115, 0.58995237261, 0.438012440745, 0.940522932959, 0.833847029272, 0.495278833345
0.0710043878278, 0.710311578525, 0.753595688172, 0.975643987128, 0.123796452068, 0.842750997242
0.192270487433, 0.922113209935, 0.0206256580845, 0.125499470467, 0.178588673492, 0.977105297094
0.956845889719, 0.152250701663, 0.429279150954, 0.545910327494, 0.547922468469, 0.661852827726
0.945209734367, 0.875507817771, 0.170730679899, 0.263155546378, 0.697604607616, 0.656071728557
0.189770593095, 0.142842283367, 0.0397358039768, 0.494192768919, 0.0728244072489, 0.919994005474
0.0682044627732, 0.392875857348, 0.845839887819, 0.479190295264, 0.807563250957, 0.814228210953
0.120909776191, 0.40383805473, 0.359181571145, 0.163181827284, 0.0787315123792, 0.473403908683
0.959730000375, 0.460450061135, 0.897506653611, 0.197984217678, 0.435953382555, 0.348306123819
0.248071290881, 0.955420447886, 0.226809052557, 0.475668617497, 0.817272313871, 0.275676830371
0.422673268487, 0.898545302443, 0.136218327143, 0.456026341196, 0.876095361595, 0.313066886087
0.660308185594, 0.849187181178, 0.329698703408, 0.166092559232, 0.919582673311, 0.0150937303756
0.565467560152, 0.346732188502, 0.688150563481, 0.652010800553, 0.307613850585, 0.24852914879
0.184047181025, 0.765875117957, 0.926264767617, 0.955035605459, 0.435177726358, 0.901260758334
0.440976161965, 0.874506280985, 0.26432550882, 0.219767422505, 0.570848017114, 0.819408515047
0.72102546429, 0.690338626966, 0.486953227782, 0.947898455253, 0.199182001592, 0.405497007797
0.511294195779, 0.262182050342, 0.576268013449, 0.714301690291, 0.556917058135, 0.0637393021663
0.106305326118, 0.538466646736, 0.543758229424, 0.635556604646, 0.293984928053, 0.962383784633
0.351572735896, 0.194979716693, 0.771868693419, 0.516799908769, 0.951445193535, 0.7215757407
0.506820599186, 0.343918642687, 0.170867947316, 0.154580795948, 0.359245618044, 0.464538360119
0.682582816199, 0.619838574242, 0.687668464378, 0.101633313083, 0.709882886687, 0.0138053671796
0.160661879196, 0.852737566865, 0.62190644894, 0.0930112203538, 0.763725963849, 0.860305467672
0.781432236106, 0.289071821117, 0.805908282101, 0.0100110396945, 0.0654939104835, 0.412043366816
0.67605722912, 0.592140646396, 0.477581676116, 0.0241710126873, 0.41023407228, 0.577317889734
0.590711323443, 0.308891478939, 0.992723945922, 0.547453491101, 0.574055025661, 0.997538958647
0.885538348353, 0.970005526731, 0.35410261606, 0.0269099383658, 0.569584168199, 0.684124420447
0.940671279162, 0.875363393629, 0.553365347225, 0.664721967439, 0.284788098811, 0.355852180715
0.676652539075, 0.656841097384, 0.932534428119, 0.8198903476, 0.687548669206, 0.532339003741
0.938855488844, 0.609861230459, 0.422641439991, 0.360374438722, 0.507610395236, 0.155511821471
0.0272284186787, 0.374604548998, 0.912542271847, 0.343271217548, 0.749435715172, 0.0836228448467
0.963445733499, 0.714787651293, 0.612673204114, 0.545905910482, 0.328601604661, 0.863719538016
0.36155728734, 0.868402528604, 0.143472022128, 0.630981748924, 0.279098679806, 0.0691546286273
0.609266570745, 0.940613108163, 0.912250990486, 0.380757387042, 0.158711429418, 0.328732554722
0.739327358735, 0.847845473093, 0.177352387391, 0.771281900442, 0.365681170739, 0.293062484613
0.533277207681, 0.0148020348294, 0.980316051059, 0.91212522054, 0.362667117525, 0.463526301227
0.517779906354, 0.434863543707, 0.327693057098, 0.300944520882, 0.854033436282, 0.894560203369
0.388165247289, 0.686840632432, 0.500468516571, 0.864540652675, 0.174895537432, 0.0167941366951
0.107373454663, 0.14185119074, 0.923820946284, 0.627472362722, 0.746887193041, 0.41191072551
0.0849845013263, 0.0936367687203, 0.521738590536, 0.663584546171, 0.60465722741, 0.996908202568
0.783785551239, 0.482708550487, 0.557906217627, 0.206356234181, 0.177706071569, 0.0772033388698
0.840921320652, 0.842645781918, 0.609750566511, 0.2680667388, 0.7430993384, 0.525788168762
0.513358765919, 0.106927879792, 0.989938099925, 0.0854363694666, 0.357480231468, 0.244800459421
0.651262460048, 0.755605293519, 0.485145451445, 0.986598656629, 0.180100972937, 0.492755542711
0.888325922486, 0.567648240928, 0.206666775537, 0.485162564451, 0.184871850718, 0.684173174828
0.188704164829, 0.97066556956, 0.955258195965, 0.327188911051, 0.153493825376, 0.432654380984
0.786652297324, 0.793507461351, 0.990590263703, 0.0648936285318, 0.862381462347, 0.542365814309
0.603524723541, 0.928441767497, 0.563275732863, 0.774628858022, 0.476985548302, 0.726360227251
0.133207177418, 0.926824731061, 0.040542597414, 0.648844637959, 0.55588491589, 0.921548783129
0.903984650111, 0.911454647125, 0.0766814219906, 0.887550378675, 0.651127240503, 0.809007383409
0.356445459851, 0.955798570148, 0.334918809183, 0.0358118787942, 0.464867797587, 0.814698939376
0.304656962197, 0.975727422114, 0.26493728476, 0.24144833006, 0.594692836624, 0.228905917646
0.922678791712, 0.711850852591, 0.153147819506, 0.278652683373, 0.466355639971, 0.971207025061
0.388057656039, 0.618267103972, 0.945001139022, 0.204609544364, 0.803468009981, 0.506768777808
0.18611065907, 0.332432499383, 0.516662778898, 0.180096584033, 0.806986979168, 0.567555729617
0.0961124765959, 0.479966320015, 0.784136527147, 0.851827456818, 0.512524512187, 0.889885088124
0.154247240173, 0.684003478795, 0.998857208484, 0.775825391872, 0.97252747087, 0.812845301784
0.00183740041197, 0.759770398699, 0.196511202751, 0.225077416261, 0.881774916778, 0.537500365825
0.0957715719055, 0.573050179392, 0.255510304967, 0.800762745593, 0.472621802822, 0.840225332145
0.572560457248, 0.117457997059, 0.150319943444, 0.846895398953, 0.172007610005, 0.221152156998
0.557494672721, 0.570333140369, 0.683027898693, 0.408152580791, 0.804972265624, 0.153527310108
0.454234893396, 0.781591260944, 0.215189400065, 0.416934068106, 0.0892775896886, 0.899328951247
0.406556668233, 0.677479417706, 0.498133462728, 0.951763256067, 0.501536307517, 0.298573227253
0.186036538014, 0.958265953607, 0.127530517761, 0.567330194371, 0.112930929968, 0.262150055792
0.974051225534, 0.192549013173, 0.0925394390589, 0.513194854179, 0.483805418325, 0.827373386822
0.405754085366, 0.793232950857, 0.168711376285, 0.473613784732, 0.474425347153, 0.509273178252
0.681163303829, 0.655149335275, 0.914058515091, 0.811090388344, 0.844653654969, 0.184476550031
0.671523936409, 0.798503805699, 0.517524537876, 0.934753247155, 0.271141030238, 0.265453387293
0.362390611679, 0.196667704886, 0.490134922893, 0.612652978438, 0.588518269486, 0.548244727967
0.148539779931, 0.382809266592, 0.982371530752, 0.239427507305, 0.467993393372, 0.929532422486
0.403039761557, 0.0261555933128, 0.649170876891, 0.786001517342, 0.312933340031, 0.377628235635
0.969260861228, 0.867985745281, 0.220758563435, 0.187604305854, 0.287334402177, 0.306336085633
0.531970792606, 0.655143972726, 0.387409823304, 0.362618265727, 0.44470060587, 0.0300673347147
0.274964504686, 0.313488074485, 0.0516110770948, 0.068281684159, 0.461518183117, 0.463426519726
0.258516392998, 0.441537003825, 0.50830152309, 0.990703905712, 0.00393902277194, 0.833017039826
0.264383031704, 0.884619156652, 0.31175020722, 0.00159697971083, 0.139833879474, 0.536202292465
0.256693793204, 0.298903932869, 0.024901027054, 0.976548920796, 0.824461881937, 0.519371726386
0.792555663239, 0.210594413376, 0.897811262543, 0.742707036891, 0.0309531403145, 0.188743719434
0.816365384751, 0.650444969507, 0.714375112323, 0.130078881566, 0.129218802468, 0.22436353262
0.766606136626, 0.155245655315, 0.981399303769, 0.0758017952996, 0.775809442844, 0.828043375265
0.103912722298, 0.468655826837, 0.864309691403, 0.38538200894, 0.852635822114, 0.56329947179
0.326275508201, 0.835792744851, 0.697592816825, 0.840138274287, 0.492485371494, 0.529781174357
0.444395878239, 0.609868868359, 0.366816515097, 0.793348302876, 0.918904106703, 0.0144363381018
0.362807667245, 0.953442865914, 0.773967553315, 0.730053166089, 0.980787210151, 0.917754454676
0.34650926773, 0.441764276464, 0.957246170885, 0.853985927362, 0.419984869516, 0.727672441818
0.71802000276, 0.607248366282, 0.630895477478, 0.412924888758, 0.227972562697, 0.754584129014
0.76727243265, 0.169237854693, 0.161636319632, 0.283367789069, 0.68815850558, 0.949877331965
0.268772441141, 0.994040354411, 0.784289733222, 0.761856792139, 0.802535704742, 0.356337315843
0.626787631063, 0.973419855824, 0.622836417742, 0.427222845664, 0.163141195581, 0.882957173803
0.6553071042, 0.151232744883, 0.178845725937, 0.68212786552, 0.807839971292, 0.834410703834
0.803482867117, 0.944256354087, 0.512376982938, 0.00370504879194, 0.464349294843, 0.664300939735
0.944337215576, 0.698793171625, 0.16745224978, 0.756479935804, 0.493109277821, 0.325758213583
0.46167932776, 0.510472647062, 0.0256650079651, 0.735366012534, 0.311366771044, 0.662066175804
0.305392644006, 0.459334924707, 0.763435178942, 0.138962711864, 0.521251796951, 0.500653646937
0.786378151497, 0.393708879669, 0.25442692786, 0.368951664469, 0.535842301941, 0.42933798411
0.859317842534, 0.738909252042, 0.63165927305, 0.21128031186, 0.775825578939, 0.253527205991
0.0992426270903, 0.419270343575, 0.888214966175, 0.135614277473, 0.665208777997, 0.949729254995
0.467239652038, 0.0797086855118, 0.0444992134566, 0.0572361865581, 0.343277785664, 0.872067685984
0.703693471733, 0.746699603911, 0.602969364984, 0.266938864616, 0.520206514431, 0.625501197608
0.652753676948, 0.403227766112, 0.0930993006071, 0.933019740111, 0.835906914274, 0.632559735713
0.858756742495, 0.197344248564, 0.228953565666, 0.816428455715, 0.370212542513, 0.680587714043
0.889590637147, 0.110670928179, 0.511821971183, 0.321161038164, 0.20609802671, 0.224175294409
0.444225333917, 0.472354594062, 0.612532350109, 0.875246801713, 0.55199757445, 0.207061653406
0.38426188945, 0.722614098492, 0.519031728594, 0.546065103479, 0.454842615467, 0.584011145363
0.65547334136, 0.0834644586142, 0.175026388817, 0.781757907936, 0.280281086959, 0.825198779438
0.558211732193, 0.848507627965, 0.454194803777, 0.887228412588, 0.80847245508, 0.572533818899
0.717381037272, 0.764255354878, 0.962176191405, 0.149086607813, 0.358320077513, 0.425984445825
0.252574687164, 0.115095810873, 0.725861204183, 0.779250669085, 0.100816090393, 0.500394648085
0.314141730331, 0.250148532729, 0.351942199717, 0.403652802227, 0.354605219187, 0.524482405181
0.246604318877, 0.886777495993, 0.591425978282, 0.164901407563, 0.81642451799, 0.365024009181
0.293708688934, 0.195888624396, 0.136227900235, 0.805772832797, 0.170230889959, 0.0861356390246
0.0415980744423, 0.373918431878, 0.529455096489, 0.103836422288, 0.729488248887, 0.488102259044
0.824578499632, 0.934045599329, 0.383093409497, 0.237638280619, 0.733114984794, 0.315683841034
0.801620353464, 0.779916085636, 0.196101083864, 0.654665634583, 0.979033589444, 0.93295250504
0.600976680266, 0.737661033923, 0.570100232978, 0.313532846388, 0.175450989581, 0.0645541981954
0.514895112238, 0.378621442457, 0.742535442553, 0.0886450782452, 0.663782820937, 0.857883248489
0.543877776777, 0.378093628631, 0.355595047702, 0.482269899362, 0.347785739179, 0.675266282336
0.141532399138, 0.934110326505, 0.74812400913, 0.164236343737, 0.825273064184, 0.180789946224
0.830058186579, 0.979829325489, 0.0498490178125, 0.787527487463, 0.610121168015, 0.88652504741
0.473260367521, 0.791180021925, 0.632934061896, 0.448765364061, 0.345355583818, 0.085826456496
0.900033229781, 0.389251800609, 0.10371215378, 0.0814146719633, 0.987199593812, 0.758279795577
0.989461114698, 0.547269890156, 0.0727645223868, 0.189505461393, 0.00253444800314, 0.914974255226
0.838233739037, 0.986178078353, 0.861399499205, 0.393441876459, 0.715527943257, 0.622306846749
0.761172977173, 0.189131913596, 0.885466756267, 0.312013065049, 0.263448687117, 0.18101850024
0.195894431107, 0.027019122642, 0.545368557077, 0.0646769519483, 0.392371661719, 0.108928382871
0.360269577917, 0.0231217479687, 0.237091498675, 0.130184036331, 0.0427793020169, 0.872480933863
0.0467512262378, 0.566062686316, 0.702171101026, 0.980988564681, 0.97850872774, 0.683083537606
0.412769501705, 0.866236143462, 0.744909486774, 0.0134732977985, 0.59990071954, 0.543110136024
0.196186628232, 0.60902810232, 0.476719384826, 0.206242095084, 0.29798907532, 0.209206373955
0.498459676923, 0.842698133821, 0.547140113193, 0.474043991701, 0.986940850447, 0.647660021716
0.718574953988, 0.466120906726, 0.431655209994, 0.109626073348, 0.619232426929, 0.564635214993
0.715483827263, 0.890510388288, 0.873488931477, 0.067361485875, 0.295181236254, 0.173045641468
0.201117534338, 0.765125470341, 0.404446663397, 0.172752599134, 0.363987429576, 0.548342971697
0.895927584107, 0.518225955691, 0.879322135359, 0.775679433368, 0.46606525266, 0.939428095144
0.201851715387, 0.776127154922, 0.32157723272, 0.330791264472, 0.72016719013, 0.586657271693
0.301369968955, 0.710871963374, 0.174819963328, 0.546260796553, 0.367939951701, 0.296716853889
0.000299836167923, 0.44419381312, 0.298821110362, 0.442992188599, 0.289049798581, 0.795016242519
0.21654064099, 0.87139479981, 0.830374055957, 0.337013982392, 0.502667416041, 0.165239564498
0.548204283051, 0.176815544135, 0.979940292051, 0.70097019538, 0.364541328892, 0.838661830619
0.892110182783, 0.879763119759, 0.0196117785895, 0.416503607553, 0.671742155494, 0.126881788091
0.0928076836143, 0.140502599458, 0.473177877154, 0.406203884107, 0.955863492645, 0.927099779611
0.111987569191, 0.913222043175, 0.15359756729, 0.405017086898, 0.184514946503, 0.668250460438
0.0985706728355, 0.519700656909, 0.266271691624, 0.497133354243, 0.861932215384, 0.150302672374
0.682574406732, 0.411490717748, 0.208365149262, 0.273182434452, 0.801572683048, 0.254412792107
0.688760494446, 0.922982297931, 0.745800542355, 0.981098049585, 0.135504955848, 0.615096594339
0.946993686189, 0.812342585468, 0.671626820085, 0.13783209141, 0.211393440163, 0.399533865125
0.581127090164, 0.739912561274, 0.413757426909, 0.805353667659, 0.0190132649484, 0.416884419797
0.546669077768, 0.251358553462, 0.814780368228, 0.285222275234, 0.898277734272, 0.319266688695
0.840025392251, 0.450909000257, 0.735806660654, 0.685738576334, 0.516887121255, 0.0506443726528
0.524682943731, 0.250913616761, 0.122065564102, 0.717135076112, 0.635508257071, 0.580556325781
0.0683921319967, 0.323351228517, 0.608762291222, 0.620836702404, 0.496180778655, 0.704232894464
0.0126444770467, 0.96725733604, 0.894926342298, 0.0274963062484, 0.416744027485, 0.174446886182
0.211184783616, 0.853048368933, 0.994834435185, 0.453892579024, 0.633060692838, 0.527532358967
0.601755905137, 0.79430459569, 0.0694926132685, 0.444932072622, 0.456646449882, 0.0984260002976
0.671952068538, 0.0141457118146, 0.189566075124, 0.757937762575, 0.688207155814, 0.335816491217
0.440177515883, 0.536685715957, 0.0394594358097, 0.348995945257, 0.0674859142804, 0.0112642067502
0.882312518502, 0.170799348691, 0.128986174032, 0.742868574265, 0.948803918838, 0.258441166152
0.140985465161, 0.0509321542532, 0.165547233858, 0.593201609613, 0.614359014182, 0.406015020312
0.850061625071, 0.343223265553, 0.265734713082, 0.0249989305048, 0.00228348334986, 0.38078840639
0.696081234883, 0.317896486939, 0.0100048285966, 0.624437231855, 0.94808054032, 0.787037846205
0.864496208934, 0.237217344606, 0.124741998408, 0.926970985475, 0.211835456595, 0.337319469972
0.742165703392, 0.71873509673, 0.275409599502, 0.462959975401, 0.948363958558, 0.479942023486
0.546846275884, 0.205660200242, 0.3685574875, 0.416448538035, 0.0357461806389, 0.383871695685
0.839940719064, 0.764426018611, 0.376285479558, 0.0706774040389, 0.477067624185, 0.642710391266
0.846617614343, 0.862407855303, 0.895060080966, 0.983779147856, 0.693248518384, 0.0595548304944
0.975645892201, 0.840763560735, 0.579120894805, 0.272042246595, 0.197444123099, 0.00201132061387
0.358195909469, 0.0830712200571, 0.651330910262, 0.0129950713383, 0.610311844057, 0.908903972868
0.661085134799, 0.933142052786, 0.483274080071, 0.0217827870798, 0.266604848705, 0.7288634092
0.651386163064, 0.579028733814, 0.378434523623, 0.27393905141, 0.000536463125839, 0.0804153808274
0.423852036398, 0.506802734336, 0.684998482971, 0.225212819031, 0.395292017957, 0.00491339190844
0.952230758959, 0.723648777333, 0.959995922428, 0.856134897081, 0.506940521125, 0.453279341992
0.804615518375, 0.908429670872, 0.466007065301, 0.385197359615, 0.331380204223, 0.64560121507
0.578327091916, 0.886944655564, 0.598429379761, 0.29087892538, 0.99487370514, 0.460146804794
0.734254496861, 0.290789543762, 0.408383982484, 0.968767821251, 0.563451981195, 0.976924387302
0.243349873756, 0.148286093685, 0.171171207851, 0.131446374339, 0.885863731691, 0.89786253175
0.679487818105, 0.730885931788, 0.965699215442, 0.970111254574, 0.733544135051, 0.221655033732
0.366137598905, 0.56639520395, 0.784719770495, 0.334921162443, 0.241770658322, 0.0349190975701
0.100119854726, 0.182088445175, 0.0984349141827, 0.704416053802, 0.887740521998, 0.626095810659
0.700427782873, 0.956039741418, 0.229256299593, 0.533748138312, 0.485155515048, 0.0391138489235
0.269634458819, 0.217266690337, 0.34151959448, 0.986083462932, 0.424128928633, 0.35295925075
0.62481537883, 0.74300002669, 0.38051050944, 0.749122045736, 0.250253001943, 0.623424967822
0.980152089221, 0.845957751611, 0.211206234097, 0.36889772246, 0.531295170963, 0.868188481522
0.895101694241, 0.543920309639, 0.871926860282, 0.668796768151, 0.870319903916, 0.951700834537
0.916034347686, 0.0429558710002, 0.773584505696, 0.729703728202, 0.473556133908, 0.0478225087362
0.214103251367, 0.639014994071, 0.391629280659, 0.155701148707, 0.890724455753, 0.74690070232
0.105071108852, 0.675269533625, 0.463859704006, 0.729427006914, 0.118702112648, 0.271349657954
0.598470900197, 0.811861081957, 0.858069854125, 0.363628860184, 0.289398767028, 0.629263803019
0.163920609197, 0.694380691552, 0.117476313186, 0.818553986437, 0.606787727224, 0.836916594349
0.626777793759, 0.915528711369, 0.00809820579511, 0.294410422201, 0.785273452071, 0.25100531668
0.679207766741, 0.869607949942, 0.794957606872, 0.43339760318, 0.688468697137, 0.756316451391
0.0521247127297, 0.359812550936, 0.210330770275, 0.322759981658, 0.609971127492, 0.300983532686
0.769337223141, 0.358364997269, 0.681583295861, 9.79652211042e-06, 0.416794195862, 0.353854388139
0.0423141419234, 0.0564252419668, 0.750446075129, 0.0257502706299, 0.19244777438, 0.668033920853
0.292267004289, 0.713810718187, 0.393466144626, 0.0598710811511, 0.0718888023394, 0.947044157599
0.48548760744, 0.224519905623, 0.0827736692719, 0.901827066412, 0.683818690901, 0.706111013442
0.91112994745, 0.227426196828, 0.96272157276, 0.68999048009, 0.765886002218, 0.422111172865
0.927751321691, 0.0428241724195, 0.75426596166, 0.953509535855, 0.669317610912, 0.524241203629
0.835234013547, 0.237200343163, 0.653099413437, 0.145426082336, 0.99151847115, 0.750939044618
0.980712600771, 0.159211101323, 0.743271033088, 0.504837272022, 0.74751130968, 0.429446859156
0.0889493161656, 0.634731480145, 0.834745714812, 0.842946239207, 0.24450146667, 0.525000557943
0.737855165799, 0.530176674403, 0.447676293512, 0.174287970104, 0.00285271269401, 0.424513953434
0.923881590292, 0.689286577076, 0.979989926988, 0.175827372457, 0.997002643485, 0.92061167523
0.573416992845, 0.307976818955, 0.598528512019, 0.454453274277, 0.882289374339, 0.455722754663
0.708242524166, 0.0122708583521, 0.0232250584405, 0.307610102812, 0.355527508481, 0.306010128282
0.455332670169, 0.449338826638, 0.752717179932, 0.59049163223, 0.148948593679, 0.0847588191327
0.262202617322, 0.252013737085, 0.954090512727, 0.382629976965, 0.363907398993, 0.976239962158
0.0133183346723, 0.758466052116, 0.419445433385, 0.740985336833, 0.899068165658, 0.182036971024
0.382925046989, 0.45857587453, 0.621766087724, 0.977003038356, 0.130881499245, 0.530547572598
0.510536088673, 0.619734954056, 0.904773072727, 0.772181821219, 0.854791701382, 0.824904949931
0.945109977737, 0.662109637827, 0.855292554502, 0.0597611511942, 0.662421965063, 0.610372947823
0.641651866137, 0.0824143014926, 0.670586343698, 0.158967563347, 0.710239613804, 0.438973248373
0.176265818668, 0.903055656768, 0.773690097983, 0.747301980609, 0.898561197975, 0.437962194002
0.345729690365, 0.635787728562, 0.73155508855, 0.502051424523, 0.764057185868, 0.650862966521
0.0939684453774, 0.219395291127, 0.874184944681, 0.416105418649, 0.346537224583, 0.647633341582
0.865550773213, 0.830079648816, 0.500927056261, 0.532624445375, 0.750011175625, 0.49583272826
0.911045013594, 0.902487347238, 0.799984126922, 0.273215250534, 0.249087174047, 0.747455818798
0.59295228946, 0.76888186828, 0.184526819147, 0.330542678031, 0.535694753122, 0.196905161732
0.161257895657, 0.503380505992, 0.414024753539, 0.875769329604, 0.206519415909, 0.0424565436275
0.159195923383, 0.925541065092, 0.589604806431, 0.0536960807431, 0.0945939341052, 0.352155237935
0.246327152638, 0.679985108187, 0.824358349171, 0.947910904884, 0.00341613321048, 0.43212096525
0.12176572618, 0.428103932637, 0.450445665104, 0.212268641319, 0.66220341061, 0.662386693853
0.189385596651, 0.123055570606, 0.564991782606, 0.0341523410568, 0.45545220518, 0.389347169791
0.936008390315, 0.138673842098, 0.561254562903, 0.573301790668, 0.292034931571, 0.746920406817
0.0753555240248, 0.413493923731, 0.515052534229, 0.185158921472, 0.57059339199, 0.652672292895
0.0314102996594, 0.495245535479, 0.106711433613, 0.742679495221, 0.178370602504, 0.741712297579
0.872849622373, 0.537043713255, 0.657429038427, 0.720533872395, 0.645916379472, 0.0175351092434
0.99004911557, 0.335286308599, 0.19362830165, 0.855239872675, 0.609701863433, 0.74317279472
0.614388958384, 0.546809471095, 0.305511125823, 0.477166910019, 0.524520733604, 0.156141195789
0.437539288756, 0.531422178429, 0.101475395186, 0.984356403911, 0.269479933674, 0.758761056066
0.226887006529, 0.841785168882, 0.585893800377, 0.912945623806, 0.25641336288, 0.74255883132
0.188509846795, 0.488206457223, 0.24734662865, 0.780694809368, 0.657493485865, 0.289163136582
0.569734643595, 0.956215278653, 0.265206793069, 0.5040542617, 0.225296782099, 0.0855130458389
0.91530730074, 0.774162649102, 0.0999008193343, 0.791159401392, 0.732605407846, 0.644897619564
0.912845495983, 0.895294051569, 0.936627633163, 0.475431852665, 0.948358185304, 0.22596438351
0.631176365855, 0.0453010647843, 0.731104385615, 0.772997768882, 0.181323251936, 0.350066336204
0.346690030345, 0.182359008576, 0.592242658406, 0.943943453478, 0.487141119209, 0.668348636275
0.368253204571, 0.805933923363, 0.67031455861, 0.106431256785, 0.663461211721, 0.533236184408
0.456332044499, 0.977869652895, 0.949346700266, 0.479171654413, 0.556272606932, 0.251614335179
0.292672381093, 0.596911429344, 0.0900203669876, 0.135967381088, 0.55094203512, 0.686190152263
0.0235917594244, 0.277353664958, 0.0140288262305, 0.284080074312, 0.586738926732, 0.0226346965906
0.949171057159, 0.396704288956, 0.821900627733, 0.642428569013, 0.184550080403, 0.654722507122
0.0315897423718, 0.358010044243, 0.874359735704, 0.884603003034, 0.0140515233731, 0.665737270255
0.346720071147, 0.544881295835, 0.452495110866, 0.696886099003, 0.281908857109, 0.408064870914
0.029108881746, 0.444151796949, 0.975507188757, 0.0626183299615, 0.560433795621, 0.955798383547
0.799834376333, 0.605315685709, 0.966588931597, 0.100688665669, 0.265989350035, 0.614060055211
0.927957810698, 0.222053014523, 0.394443364851, 0.250438591675, 0.740684256803, 0.387094883213
0.0400811556663, 0.978537447123, 0.962859533615, 0.079677217986, 0.160301710845, 0.558032439411
0.314108047309, 0.344334616672, 0.37915062307, 0.849456901299, 0.342175617622, 0.68655766459
0.590920600039, 0.366116321936, 0.363801169206, 0.117553081072, 0.484843954814, 0.340104569645
0.929173345566, 0.532546687085, 0.208698221049, 0.304714496119, 0.0680028941805, 0.336396193328
0.964672962829, 0.230735967678, 0.606342848571, 0.813385397646, 0.417837265817, 0.656487769454
0.210328583898, 0.486895990171, 0.625356213846, 0.150817996756, 0.903817928082, 0.94288265631
0.22853235937, 0.33400786182, 0.752421964863, 0.846085917226, 0.438246793867, 0.478342858013
0.970680641427, 0.880832499968, 0.222064811818, 0.448418235153, 0.187285186209, 0.105274700216
0.43276758791, 0.417252746043, 0.848386713689, 0.00553257594482, 0.760649858975, 0.734618409255
0.763725724052, 0.643464497577, 0.238845533297, 0.420178029358, 0.730208717218, 0.326686967401
0.657013610956, 0.893560018025, 0.228531279199, 0.364948987093, 0.385686094582, 0.299429792933
0.176095537813, 0.61363459932, 0.0116908908475, 0.627657388789, 0.431465100668, 0.424167878586
0.695035520523, 0.264728529177, 0.963650564523, 0.104367726204, 0.83208442827, 0.322411042146
0.831031766871, 0.299289431972, 0.494480752981, 0.208293903364, 0.0320564100977, 0.936644767888
0.246670053621, 0.810339270347, 0.971718121575, 0.592889530858, 0.53601056251, 0.621238166584
0.409584588761, 0.93682314119, 0.806361048772, 0.768352882595, 0.80933602985, 0.951096333585
0.25132602099, 0.467315280941, 0.316871983221, 0.558203783862, 0.358199275969, 0.677322716686
0.630944657572, 0.290174222291, 0.0244578683403, 0.883363279608, 0.23309193178, 0.378002401568
0.790373921567, 0.133062306765, 0.577612826151, 0.792141523769, 0.542208241101, 0.787504266489
0.656015565926, 0.159591564608, 0.242075302519, 0.199035221951, 0.975955764253, 0.892241963333
0.725342749947, 0.479872288655, 0.164751955615, 0.470830123098, 0.729331102471, 0.875185474498
0.155732934509, 0.563566477247, 0.445321241102, 0.983913004872, 0.172375184954, 0.548788939779
0.248457749788, 0.777244626574, 0.0802506031029, 0.372771983409, 0.101263471955, 0.228358996137
0.736259903319, 0.519137046251, 0.474951768869, 0.545709289652, 0.330178338153, 0.573432482713
0.739025584786, 0.244833292718, 0.53666773169, 0.157747632711, 0.00302562545227, 0.706853505466
0.221653985866, 0.615664828284, 0.351471099405, 0.418890780762, 0.584752935878, 0.215891475133
0.346123369149, 0.777541423867, 0.439970548183, 0.306373156799, 0.729302668249, 0.274079460857
0.729682947355, 0.0512398941787, 0.773315364029, 0.999227018089, 0.965834367609, 0.133850456479
0.934225154997, 0.320775905312, 0.31998020079, 0.0349472040788, 0.680662960373, 0.300411196658
0.534329802518, 0.191716033476, 0.196349449516, 0.756674017807, 0.49425128535, 0.962400481192
0.0279346720306, 0.0845906863857, 0.117558654197, 0.782159135469, 0.13105824603, 0.745123312409
0.132383624668, 0.365711404422, 0.880310112892, 0.0333663730915, 0.430870889547, 0.264682277798
0.617730194138, 0.12078654142, 0.719137779686, 0.722392391685, 0.157680856312, 0.357993301379
0.813678311781, 0.898735210063, 0.281496726256, 0.820418115368, 0.537095875701, 0.43472222459
0.762390722432, 0.409312295507, 0.0934615873785, 0.463558735724, 0.630472054504, 0.0695827012955
0.0162796581956, 0.126676794078, 0.716253117954, 0.989333470109, 0.575470165529, 0.76724553541
0.414563975251, 0.340390123018, 0.528129130865, 0.231422244906, 0.640359072971, 0.499105630243
0.0663148269689, 0.0571365452812, 0.970500231652, 0.739800663701, 0.1203477873, 0.94610305445
0.288502357578, 0.326718504032, 0.726602488498, 0.763657225774, 0.344233803621, 0.567695975301
0.708310536861, 0.193460814112, 0.0573764719474, 0.720772260473, 0.60161336238, 0.997258930656
0.887869895892, 0.0701317976672, 0.776668600977, 0.226863309834, 0.616661871919, 0.0405645258635
0.60833555594, 0.325386818285, 0.209968400646, 0.148423138441, 0.457405816486, 0.230449320253
0.978708849839, 0.771880747411, 0.63932420205, 0.355663304649, 0.448810970563, 0.352679987846
0.693588908305, 0.511260335077, 0.00836896217189, 0.638714984179, 0.634820613464, 0.596346653203
0.802504725532, 0.357620972768, 0.207729435803, 0.684132499647, 0.278684973242, 0.965762913748
0.0709342295894, 0.898001221183, 0.429086999425, 0.761306881688, 0.479935923708, 0.98913668912
0.264577669882, 0.338787640793, 0.254509433895, 0.118842029848, 0.828423308199, 0.230121871379
0.531879079447, 0.985429559832, 0.737375651075, 0.704631458798, 0.868034657306, 0.178602762817
0.222595369212, 0.544870980469, 0.197122287268, 0.632625007431, 0.783268781571, 0.85741383281
0.300616362507, 0.872944312774, 0.569406092582, 0.941773495616, 0.398679478942, 0.931077863043
0.526045702288, 0.0306661481013, 0.0979410877709, 0.0332452567837, 0.126827296344, 0.21924362456
0.259731012173, 0.119840087481, 0.296581421793, 0.307931372654, 0.443016294047, 0.302513057385
0.739280640166, 0.601176833383, 0.610409145171, 0.546990671226, 0.155363396471, 0.649819531003
0.227221463343, 0.571042569947, 0.96450433922, 0.123814401114, 0.403331666713, 0.391238238647
0.284629869413, 0.00191016189409, 0.692481765883, 0.411336941705, 0.12422277717, 0.394695552034
0.842459542315, 0.0105802233918, 0.370648524571, 0.0336603626397, 0.686433588442, 0.597897803328
0.00593695368276, 0.396026736661, 0.0454787254671, 0.568054687546, 0.95878200201, 0.253694025309
0.275743390293, 0.296147821656, 0.718631808611, 0.0415519651678, 0.462040046781, 0.21036086896
0.284035020006, 0.37620307, 0.384018489197, 0.167929052542, 0.680767795818, 0.872509197542
0.935149120891, 0.630296025902, 0.221924452439, 0.0630855767126, 0.469246235689, 0.53038158415
0.857536301366, 0.703855975938, 0.309462201795, 0.766296211331, 0.841641793783, 0.0667991164301
0.477784381094, 0.439050906572, 0.535453032076, 0.509858500825, 0.239573579264, 0.130199644622
0.0778086238577, 0.405252787305, 0.966110781841, 0.112507842105, 0.94868441831, 0.543786489069
0.492567079101, 0.504320428419, 0.957425542519, 0.470725470493, 0.327047183846, 0.998822745494
0.886833513614, 0.340668922638, 0.824815382862, 0.575989095017, 0.563802110398, 0.690117453782
0.28430314393, 0.73980693216, 0.0661546751174, 0.752417943051, 0.996849563002, 0.18331965514
0.359473405609, 0.717061556872, 0.345626529972, 0.184881874336, 0.826479312706, 0.22797032059
0.955207408663, 0.936405715643, 0.500946516567, 0.263893216924, 0.477589009049, 0.810788365026
0.189108367513, 0.10711173132, 0.628727625548, 0.588205755737, 0.335673222414, 0.0621310486673
0.183829212329, 0.598768628771, 0.746044514427, 0.494461256736, 0.77679187959, 0.914553314873
0.283160264206, 0.0857779365099, 0.224346286804, 0.491540606556, 0.51973592624, 0.852397329081
0.16007189627, 0.946372484963, 0.142413173506, 0.982793945284, 0.91642119879, 0.27462886184
0.144373593205, 0.83514511285, 0.194389521315, 0.333642717952, 0.785986631217, 0.188391402997
0.832375266505, 0.00913631213066, 0.799971818718, 0.323474290253, 0.0234340814579, 0.968590064031
0.399113103259, 0.672278739986, 0.68813126588, 0.577664006619, 0.577653538201, 0.248978014768
0.664689020221, 0.870324505017, 0.92217286164, 0.682887600105, 0.704476393352, 0.226800154335
0.616743649565, 0.425867990191, 0.0788986200165, 0.957059282755, 0.255330508635, 0.981739911477
0.495308887284, 0.302016932584, 0.886315924853, 0.495777207445, 0.364143132292, 0.146005269802
0.34342046173, 0.225050035838, 0.589119425823, 0.123179270221, 0.984219129174, 0.262472491606
0.539448956059, 0.566903079906, 0.0165678056327, 0.493460209421, 0.278239313502, 0.510382434525
0.372018533225, 0.84797740679, 0.86388040994, 0.80499386238, 0.97583543653, 0.698818429963
0.978664555074, 0.787380698499, 0.150840834017, 0.234247295261, 0.479799662626, 0.688539194266
0.671668692229, 0.0123995040495, 0.635372401727, 0.471611347787, 0.440120280247, 0.377180375993
0.0959997818839, 0.137164457334, 0.0473837071327, 0.0854290406073, 0.25791085783, 0.689595044473
0.371804617379, 0.337676852065, 0.992214386075, 0.649277999489, 0.382849424232, 0.866448748879
0.0815355250205, 0.25042926068, 0.96662239173, 0.383976348036, 0.000740288473609, 0.266519937774
0.144203285747, 0.23838982736, 0.507878627578, 0.672950184065, 0.505950023047, 0.660275961078
0.505379289521, 0.663963359606, 0.954673175337, 0.594989663266, 0.987313398262, 0.264015940521
0.222618066073, 0.988819845214, 0.728668587438, 0.266838834683, 0.201418055405, 0.175447496137
0.252658371949, 0.638509352255, 0.0797411084243, 0.525245384834, 0.531606476804, 0.580242443539
0.00878905531507, 0.583866221921, 0.383787174578, 0.99528206207, 0.314104548523, 0.547718915921
0.564330267206, 0.511519442368, 0.539177739795, 0.147362410142, 0.0597051303175, 0.274367919921
0.0454796212481, 0.0130602061632, 0.648782327364, 0.578317963859, 0.366679350586, 0.936353275558
0.477862187991, 0.872127243601, 0.582951807382, 0.694253647578, 0.905398686659, 0.437545077796
0.949223984037, 0.0446832067112, 0.635793091374, 0.569844362995, 0.880350731954, 0.105785948313
0.401647762562, 0.810826328488, 0.616527115504, 0.553524966205, 0.389920874483, 0.883538137621
0.640257455173, 0.494555489697, 0.864406396639, 0.1701366197, 0.274313526121, 0.468549034596
0.901659323548, 0.688524547771, 0.654884357287, 0.330058165582, 0.873464274111, 0.0241508395267
0.939932436077, 0.371885721737, 0.62769200827, 0.630427176857, 0.829241845733, 0.383897558814
0.177501953783, 0.73869242603, 0.505230845086, 0.776076123429, 0.847599545116, 0.440089357197
0.070670982784, 0.197792488287, 0.363224167381, 0.5296897605, 0.931296744175, 0.625553116375
0.573278410061, 0.370560251996, 0.221344855203, 0.641103384431, 0.273386210628, 0.216862598858
0.928897896202, 0.0372569568997, 0.911238516514, 0.541655892969, 0.604919905095, 0.205698025459
0.151539481294, 0.122173820269, 0.975708359861, 0.694272611519, 0.0340641922312, 0.433640303013
0.417853669442, 0.98749437995, 0.266144433234, 0.966831324877, 0.202854414869, 0.390702739983
0.110296643083, 0.225932607682, 0.223035708626, 0.832828949125, 0.146704640154, 0.63480716709
0.588222034785, 0.167582700838, 0.20545182175, 0.203556510994, 0.346771619381, 0.615708463356
0.04933829139, 0.621196754821, 0.712544150854, 0.0431645755162, 0.599798743568, 0.920993640823
0.190031282052, 0.59430951712, 0.0299235088317, 0.575179989427, 0.561699035058, 0.0572885379154
0.759609113174, 0.83550444003, 0.63843495144, 0.232155406209, 0.772443491499, 0.228296808284
0.829173012083, 0.270571288772, 0.703269033455, 0.0741727469482, 0.827811289931, 0.0288789689433
0.624949493194, 0.532557899908, 0.550863927631, 0.866189213752, 0.718819342441, 0.0087581175719
0.458934943988, 0.0240712767307, 0.229398557947, 0.978858852787, 0.450964897158, 0.73929882643
0.236297347322, 0.799887130761, 0.861017057993, 0.808024939368, 0.977761192667, 0.121975720221
0.326788878082, 0.444574832241, 0.846985258835, 0.330128631328, 0.962003660292, 0.882043758397
0.362785209588, 0.867104034425, 0.00147296915176, 0.356181383149, 0.865775298658, 0.774206433941
0.625096761809, 0.94644478797, 0.0837640534656, 0.376555037848, 0.365902620513, 0.302607583528
0.414801962645, 0.290887365742, 0.893344418182, 0.0982416843503, 0.306316090646, 0.933682155928
0.315572879518, 0.594588546075, 0.276916835388, 0.520037675836, 0.852407190263, 0.85197350033
0.373104382137, 0.606472267494, 0.655322321129, 0.429672854234, 0.0310207059248, 0.0728682929694
0.717682542303, 0.489121282418, 0.812689639791, 0.378488351603, 0.954517638768, 0.76544045966
0.153767257112, 0.231559392407, 0.798302713195, 0.259087051453, 0.0978404674164, 0.1227788052
0.773038363497, 0.761677944561, 0.994700453536, 0.867073300981, 0.861480391252, 0.905290370323
0.630969899844, 0.726866330972, 0.757145997374, 0.0506530213086, 0.210556718163, 0.132203308287
0.920712975081, 0.209399451435, 0.454704759512, 0.872648526401, 0.29972302694, 0.601605141027
0.762866943984, 0.276186786241, 0.343718413956, 0.814632198794, 0.929332445834, 0.116280536785
0.178460829416, 0.383150178278, 0.321509392402, 0.778760089941, 0.445011242817, 0.920619324397
0.812076789374, 0.609524751507, 0.512608956594, 0.611684939079, 0.907658885247, 0.575297849529
0.222980413004, 0.038813320156, 0.153356795971, 0.944519469866, 0.0473783146691, 0.891317464853
0.501723919627, 0.294555308073, 0.377060259197, 0.199074315215, 0.161564328949, 0.298502742033
0.253303871379, 0.800654534836, 0.772010777245, 0.595454612997, 0.00988600715936, 0.953597903016
0.48503141771, 0.46364638594, 0.339477165333, 0.774757895587, 0.262683244734, 0.255743915301
0.99097757116, 0.238253519038, 0.743088190097, 0.614725003194, 0.300711603296, 0.243767068111
0.445181827873, 0.9394496947, 0.753114593112, 0.514713038411, 0.434086764133, 0.306110145477
0.667471940563, 0.84270843792, 0.360491288478, 0.0924681559649, 0.683382337884, 0.584633673951
0.559458870269, 0.219786852165, 0.747175567315, 0.484990574074, 0.377027637083, 0.59268601264
0.685945639068, 0.295754503975, 0.172899657308, 0.613976230126, 0.60522788349, 0.597441686648
0.155601032518, 0.249212404479, 0.717401367467, 0.570367417237, 0.734450658609, 0.340224966115
0.657872420566, 0.839373620451, 0.299078762921, 0.240539100208, 0.395627188682, 0.223617571087
0.952930637352, 0.320519637728, 0.488259544656, 0.216738646569, 0.00305649868601, 0.479489782037
0.388032321281, 0.141084493928, 0.882849371372, 0.549066568964, 0.654213092275, 0.387333695337
0.647835073336, 0.850005119159, 0.920198563638, 0.0294672468993, 0.975854184212, 0.884934932647
0.343034894031, 0.871110601687, 0.127624138945, 0.019656432949, 0.472938119956, 0.784342045104
0.826105383295, 0.994029309382, 0.402835955851, 0.891602846102, 0.0741898609191, 0.630976735004
0.794461180765, 0.768065658565, 0.783554990534, 0.438285597487, 0.529030563791, 0.835299238525
0.0760134439319, 0.0149953058141, 0.905280629541, 0.132934296406, 0.864185923916, 0.995719229559
0.130300747199, 0.63409807946, 0.0996580154833, 0.940105783172, 0.86449493541, 0.696326403886
0.630488389968, 0.699962144941, 0.934968611163, 0.923591597366, 0.142287500464, 0.398990483879
0.68400703552, 0.00566375869384, 0.157660489172, 0.759460691601, 0.0557986723231, 0.317464836366
0.0267762940733, 0.599426484205, 0.519741642598, 0.763767331286, 0.0713145170875, 0.0313453833979
0.349387240726, 0.399627155417, 0.571322533672, 0.953013800627, 0.640380678768, 0.120909569228
0.365230986357, 0.0118571155221, 0.818318346702, 0.443241847897, 0.171900574439, 0.294092878615
0.128479688137, 0.968238014748, 0.659890791109, 0.962930060996, 0.517109858713, 0.598015136781
0.461122818538, 0.139365712519, 0.79084901493, 0.307520626494, 0.94155768532, 0.404935419309
0.924240564803, 0.964810080165, 0.579123522993, 0.898480697666, 0.647888803085, 0.48672489565
0.768716113, 0.75434990768, 0.712223189756, 0.040390740685, 0.814210070715, 0.955349533742
0.959531754612, 0.822754780582, 0.210040989893, 0.590590642505, 0.780137216936, 0.245434020159
0.181691030767, 0.297427911461, 0.174728982357, 0.979788702668, 0.368372277272, 0.0282594324058
0.475354359862, 0.184101688953, 0.625265551151, 0.966092671943, 0.217482945571, 0.846900457409
0.949201381126, 0.45752731791, 0.412227527481, 0.061993392795, 0.626734137586, 0.303050086769
0.611672665653, 0.12419512648, 0.459543527263, 0.399054960418, 0.399428058173, 0.131085584353
0.654437863954, 0.894261775217, 0.65807227993, 0.999541839495, 0.643725499482, 0.53843600568
0.939943872719, 0.968951722823, 0.23086589979, 0.361081579846, 0.121739375263, 0.46042857484
0.463000897657, 0.351369926112, 0.805938221787, 0.0909558814837, 0.139072611955, 0.999095682655
0.823332136012, 0.189964295578, 0.277202629185, 0.240522668781, 0.0764298560437, 0.943111588208
0.266617395049, 0.283804344532, 0.751475865542, 0.669531339767, 0.530601692905, 0.699863478454
0.217385358361, 0.75859864011, 0.374471814379, 0.970168844078, 0.716336213601, 0.680001833172
0.248572035243, 0.666516260798, 0.315048838113, 0.0368657466245, 0.753115523767, 0.934327057348
0.349868913787, 0.246399387833, 0.693792521033, 0.953331199838, 0.48425102783, 0.363334803931
0.399061204821, 0.079305513227, 0.995240909011, 0.909633586594, 0.0206093800412, 0.656557897501
0.672406685834, 0.49977966506, 0.0693358765172, 0.375529566747, 0.599551248954, 0.0132282096194
0.548588196419, 0.37431978672, 0.863549977159, 0.178120660982, 0.366952488298, 0.843146767546
0.322569011535, 0.982208419805, 0.719618593978, 0.360648744138, 0.475865679814, 0.845842791389
0.433110132583, 0.894558393749, 0.775103179155, 0.82731956023, 0.427015673942, 0.504531168909
0.903855761041, 0.492450798268, 0.416317108468, 0.70166345017, 0.944878184245, 0.477488570742
0.108848125709, 0.0892900364343, 0.947228876597, 0.535408585601, 0.31585589885, 0.531606978316
0.657038246823, 0.978251437825, 0.885268717692, 0.120465568691, 0.265451425046, 0.975119354165
0.384832554264, 0.0575316345561, 0.21280509167, 0.0748021371527, 0.845272694763, 0.415422167306
0.646670095384, 0.777126203922, 0.683273727924, 0.0489678766169, 0.0165597941841, 0.967954167926
0.227999101559, 0.149671917171, 0.837396807423, 0.302747348279, 0.392946208365, 0.611879572939
0.0797465732462, 0.827745972475, 0.597777119329, 0.675057126936, 0.149083150345, 0.241199379081
0.804119951605, 0.654557797201, 0.710843798526, 0.955378912694, 0.775268657538, 0.691246098067
0.720501866576, 0.491979596421, 0.625384680174, 0.0327838204869, 0.785720607029, 0.530635675922
0.616941588277, 0.109827796754, 0.863862381188, 0.658682887886, 0.350265556638, 0.285375232132
0.178819873957, 0.875263683687, 0.118495579303, 0.871908113254, 0.779134272189, 0.106501016641
0.237490402694, 0.320758965717, 0.790761082913, 0.391009043947, 0.168661200509, 0.373136759614
0.822028346881, 0.531921142567, 0.707903899998, 0.223402065541, 0.645292408222, 0.653776217908
0.360583491675, 0.480951373779, 0.715846583523, 0.444373915549, 0.647669414937, 0.113133283058
0.875632260259, 0.546563898752, 0.17170725785, 0.265480098566, 0.163483698853, 0.675740221912
0.658065193389, 0.222611611418, 0.552055147541, 0.758173917532, 0.917997477577, 0.174346071586
0.0595531260114, 0.453543671191, 0.288760019217, 0.423595533547, 0.153664574488, 0.0360874486388
0.184677706005, 0.460799978697, 0.361231196559, 0.0323322959454, 0.525921410451, 0.342269579608
0.389709415148, 0.473717660751, 0.158555450089, 0.0530838588288, 0.03287278572, 0.0187792621231
0.355951830038, 0.221344811919, 0.285534588367, 0.469375512189, 0.822097184339, 0.575889222205
0.579213910678, 0.283268986531, 0.609708114813, 0.850728298767, 0.90001988992, 0.0100516451231
0.931860015287, 0.865674069027, 0.211318245889, 0.60365626495, 0.118247175683, 0.475940568643
0.626774984908, 0.215415368239, 0.237352301939, 0.784563867604, 0.907617129025, 0.255480454277
0.926556179804, 0.106193404216, 0.315317945331, 0.69600194975, 0.75531248986, 0.539085786106
0.475213701656, 0.823120358374, 0.487762079119, 0.481565442238, 0.394655716379, 0.0353748549024
0.0991044367604, 0.73518443687, 0.576097145931, 0.711843277187, 0.198129966633, 0.0227684595523
0.945404032694, 0.576847162601, 0.636820633797, 0.00415166664229, 0.106736085212, 0.00861642684067
0.048842305972, 0.398345629396, 0.61255888268, 0.408203511113, 0.310600084203, 0.858015314963
0.77706998633, 0.100902833899, 0.983558293931, 0.719754187055, 0.571160655659, 0.821656255301
0.479314009302, 0.187536919601, 0.58290531175, 0.151850654543, 0.690379895613, 0.971130336392
0.950796638449, 0.00792894167911, 0.643299297878, 0.684586808011, 0.00336809988021, 0.299929037312
0.692726352781, 0.564875496111, 0.0691888418476, 0.922769371904, 0.850736393548, 0.779146308355
0.360827841654, 0.346458138255, 0.775480494018, 0.0481640171417, 0.230841086641, 0.235868988173
0.731327338178, 0.878014737693, 0.976667290428, 0.458129341649, 0.604495961053, 0.921262598909
0.14590212061, 0.150172796076, 0.535218287077, 0.617335577222, 0.0788839630681, 0.917458540262
0.131691783917, 0.730707511156, 0.618425470416, 0.881621623853, 0.351816878878, 0.303230303786
0.98306995035, 0.566653169501, 0.890885538877, 0.0330635518764, 0.983931537924, 0.725309417957
0.186341172179, 0.680277831284, 0.861122295968, 0.416377493755, 0.99320510692, 0.571643110633
0.737096050838, 0.964956365859, 0.769691800999, 0.360245227814, 0.792244793987, 0.00896948323193
0.604620227998, 0.412872207584, 0.350815847209, 0.969828648883, 0.222781791071, 0.985612468978
0.253902545674, 0.231118707493, 0.597966252672, 0.453369894897, 0.539173360746, 0.144577185727
0.608732627838, 0.546590157662, 0.183862663695, 0.838553943874, 0.134317523498, 0.607014699362
0.896306598735, 0.00354893094633, 0.0545613708642, 0.319851233124, 0.45836291216, 0.13601732149
0.178813032525, 0.776844213474, 0.729008329709, 0.861641409639, 0.252394046565, 0.609209909332
0.256251749806, 0.637182527377, 0.40898843843, 0.5658161326, 0.479004874076, 0.0859636766998
0.660342727618, 0.0878452228509, 0.49975436886, 0.480631970519, 0.675930465358, 0.481970774847
0.340591611505, 0.0357385447201, 0.653341120742, 0.233962345167, 0.718509820044, 0.322996015593
0.366474481344, 0.989022008361, 0.40993522094, 0.373617674404, 0.817109387737, 0.391459866116
0.415681626906, 0.657188775641, 0.686504707158, 0.900303356211, 0.51404470565, 0.618754722424
0.620327259231, 0.866611932407, 0.335558067139, 0.216763907608, 0.298831023728, 0.269085217882
0.668283700561, 0.898863095454, 0.269834434036, 0.0404709780484, 0.178340412297, 0.113075041104
0.589756490257, 0.250621434864, 0.262727047874, 0.438591870072, 0.471158596993, 0.956562997931
0.778302838478, 0.298994257581, 0.707479431364, 0.738061140292, 0.793961256116, 0.830489612582
0.719352895446, 0.855253888977, 0.827099571388, 0.0904543746367, 0.790978419485, 0.495799617097
0.988122174182, 0.132477428046, 0.462405247686, 0.732063729659, 0.0979869843918, 0.554708556145
0.243207993579, 0.367931443083, 0.765418273243, 0.329029520705, 0.210275408956, 0.370311741472
0.132339687358, 0.168895801349, 0.752574546958, 0.813209087195, 0.225705475436, 0.16976164413
0.355147057081, 0.591834590376, 0.899219932485, 0.210942557441, 0.257819196747, 0.809696773889
0.700517571853, 0.230170254101, 0.178489594214, 0.492660267561, 0.0748585333357, 0.486407445639
0.394630997788, 0.812393772566, 0.513279355019, 0.899502215591, 0.167242012978, 0.596831594712
0.626165858665, 0.54466568129, 0.480861629306, 0.362740795517, 0.0131236044191, 0.41479003763
0.396019433079, 0.324617095328, 0.837434217644, 0.972219492801, 0.89061437646, 0.595485772786
0.118079918859, 0.511522005172, 0.424911039132, 0.270721265477, 0.805965513075, 0.635537716568
0.603147674314, 0.124636303558, 0.494380076127, 0.872899954988, 0.252319146839, 0.985884079335
0.825800251185, 0.288849049052, 0.47282310315, 0.638175547289, 0.36058069791, 0.6221676348
0.88340992468, 0.415106151627, 0.755068504019, 0.717517619459, 0.728541455839, 0.389907656672
0.333999060731, 0.752470357578, 0.273708344186, 0.444231445226, 0.881214047539, 0.335296872837
0.630826525485, 0.476013466397, 0.688398865133, 0.555139511669, 0.897122323556, 0.197212759492
0.875611257968, 0.370097033741, 0.216798163036, 0.988555427215, 0.147102223152, 0.668836352122
0.42737074469, 0.910970440803, 0.887150686195, 0.904702433297, 0.187518661983, 0.720914381202
0.945668130454, 0.230618128846, 0.726954258497, 0.440903140388, 0.523468399553, 0.769987800538
0.753603729302, 0.855340008601, 0.364641951916, 0.834012050646, 0.389132892544, 0.6085118615
0.856034761682, 0.735262146574, 0.793692367588, 0.602379980345, 0.411588167512, 0.486845999526
0.111761276761, 0.78123046065, 0.594203583246, 0.100416608994, 0.785631156814, 0.818737772953
0.136984855753, 0.671085417733, 0.17788484356, 0.873776879596, 0.517339989132, 0.603341305397
0.511140372107, 0.840717623346, 0.555758647564, 0.888445406382, 0.252976317893, 0.719887069942
